<?xml version="1.0" encoding="UTF-8" standalone="no"?>
<svg
   xmlns:dc="http://purl.org/dc/elements/1.1/"
   xmlns:cc="http://creativecommons.org/ns#"
   xmlns:rdf="http://www.w3.org/1999/02/22-rdf-syntax-ns#"
   xmlns:svg="http://www.w3.org/2000/svg"
   xmlns="http://www.w3.org/2000/svg"
   version="1.1"
   id="Capa_1"
   x="0px"
   y="0px"
   width="512.0014"
   height="501.58121"
   viewBox="0 0 369.79401 362.26703"
   xml:space="preserve"><metadata
     id="metadata45"><rdf:RDF><cc:Work
         rdf:about=""><dc:format>image/svg+xml</dc:format><dc:type
           rdf:resource="http://purl.org/dc/dcmitype/StillImage" /><dc:title></dc:title></cc:Work></rdf:RDF></metadata><defs
     id="defs43" /><path
     id="path9"
     d="m 320.83,136.67151 -1.759,-0.627 -6.87,-16.399 0.745,-1.685 c 20.812,-47.200995 19.377,-48.608995 15.925,-52.030995 l -27.761,-27.082 c -1.135,-1.126 -3.128,-1.918 -4.846,-1.918 -1.562,0 -6.293,0 -47.294,18.57 l -1.644,0.738 -16.916,-6.812 -0.679,-1.684 C 210.45,-4.8491035e-4 208.475,-4.8491035e-4 203.677,-4.8491035e-4 l -39.205,0 c -4.78,0 -6.957,0 -24.836,47.82499991035 l -0.673,1.741 -16.828,6.86 -1.609,-0.669 c -27.752,-11.7 -43.956,-17.633 -48.18,-17.633 -1.714,0 -3.714,0.769 -4.854,1.892 l -27.787,27.16 c -3.525,3.477 -4.987,4.933 16.915,51.148995 l 0.805,1.714 -6.881,16.381 -1.684,0.651 C 0,155.95251 0,157.79351 0,162.71151 l 0,38.418 c 0,4.931 0,6.979 48.957,24.524 l 1.75,0.618 6.882,16.333 -0.739,1.669 c -20.812,47.223 -19.492,48.501 -15.949,52.025 l 27.719,27.119 c 1.162,1.117 3.173,1.915 4.888,1.915 1.552,0 6.272,0 47.3,-18.561 l 1.643,-0.769 16.927,6.846 0.658,1.693 c 19.293,47.726 21.275,47.726 26.076,47.726 l 39.217,0 c 4.924,0 6.966,0 24.859,-47.857 l 0.667,-1.742 16.855,-6.814 1.604,0.654 c 27.729,11.733 43.925,17.654 48.122,17.654 1.699,0 3.717,-0.745 4.876,-1.893 l 27.832,-27.219 c 3.501,-3.495 4.96,-4.924 -16.981,-51.096 l -0.816,-1.734 6.869,-16.31 1.64,-0.643 c 48.938,-18.981 48.938,-20.831 48.938,-25.755 l 0,-38.395 c -10e-4,-4.93 -10e-4,-6.966 -48.964,-24.446 z m -135.934,106.769 c -35.038,0 -63.542,-27.959 -63.542,-62.3 0,-34.342 28.505,-62.264 63.542,-62.264 35.023,0 63.522,27.928 63.522,62.264 0.001,34.335 -28.498,62.3 -63.522,62.3 z"
     style="fill:#ffffff" /></svg>