<?xml version="1.0" encoding="UTF-8" standalone="no"?>
<svg
   xmlns:dc="http://purl.org/dc/elements/1.1/"
   xmlns:cc="http://creativecommons.org/ns#"
   xmlns:rdf="http://www.w3.org/1999/02/22-rdf-syntax-ns#"
   xmlns:svg="http://www.w3.org/2000/svg"
   xmlns="http://www.w3.org/2000/svg"
   version="0.0"
   viewBox="0 0 35.429698 17.961001"
   height="5.0689936mm"
   width="9.9990482mm">
  <defs />
  <metadata>
    <rdf:RDF>
      <cc:Work
         rdf:about="">
        <dc:format>image/svg+xml</dc:format>
        <dc:type
           rdf:resource="http://purl.org/dc/dcmitype/StillImage" />
        <dc:title></dc:title>
      </cc:Work>
    </rdf:RDF>
  </metadata>
  <g
     transform="translate(-2.2851,-1032.6674)"
     id="layer1">
    <g
       transform="translate(-1135.0022,90.382004)"
       style="font-style:normal;font-weight:normal;font-size:14.43982315px;line-height:125%;font-family:Sans;letter-spacing:0px;word-spacing:0px;fill:#ffffff;fill-opacity:1;stroke:none;stroke-width:1px;stroke-linecap:butt;stroke-linejoin:miter;stroke-opacity:1">
      <path
         d="m 1169.4947,951.21399 q 0.014,0.0722 0.014,0.2166 0,0.12996 -0.014,0.20216 l 0,0.17328 q -0.029,0.14439 -0.029,0.30323 0,0.1444 -0.029,0.27436 -0.029,0.11552 -0.043,0.2166 -0.014,0.10107 -0.029,0.21659 -0.072,0.24548 -0.1299,0.47652 -0.058,0.23103 -0.1444,0.44763 -0.4332,1.05411 -1.1408,1.76166 -0.6931,0.70755 -1.8194,1.08299 -0.1588,0.0433 -0.3177,0.0722 -0.1588,0.0289 -0.3177,0.0722 -0.072,0.0144 -0.1299,0.0144 -0.058,0 -0.1155,0.0144 l -0.4765,0.0433 q -0.043,0.0144 -0.2022,0 -0.1444,0 -0.1877,-0.0144 -0.072,-0.0144 -0.1444,-0.0144 -0.058,0.0144 -0.1155,0 l -0.1589,0 q -0.1011,-0.0289 -0.2021,-0.0433 -0.087,0 -0.1877,-0.0144 -0.1444,-0.0433 -0.2888,-0.0722 -0.13,-0.0144 -0.2744,-0.0578 -0.1444,-0.0578 -0.2888,-0.11552 -0.1444,-0.0578 -0.2888,-0.11552 -0.8808,-0.38988 -1.4584,-1.06855 -0.5632,-0.69311 -0.9386,-1.60282 -0.087,-0.20216 -0.13,-0.41875 -0.043,-0.2166 -0.1155,-0.44764 -0.029,-0.0578 -0.029,-0.10108 0.014,-0.0433 -0.014,-0.11551 -0.029,-0.10108 -0.029,-0.2166 0,-0.11552 -0.029,-0.23104 -0.029,-0.0578 -0.029,-0.11552 0.014,-0.0578 0,-0.10108 l 0,-0.30323 q -0.029,-0.0722 -0.029,-0.20216 0,-0.12996 0.029,-0.20216 l 0,-0.18772 0.043,-0.51983 q 0.029,-0.0866 0.029,-0.17328 0,-0.0866 0.029,-0.17327 0.058,-0.23104 0.1011,-0.44764 0.043,-0.23104 0.13,-0.43319 0.1155,-0.27436 0.2166,-0.53428 0.1011,-0.25991 0.2599,-0.49095 0.4043,-0.64979 0.953,-1.12631 0.5487,-0.47651 1.2996,-0.77975 0.1588,-0.0722 0.3321,-0.11552 0.1877,-0.0433 0.3755,-0.10108 0.087,-0.0289 0.1732,-0.0289 0.1011,0 0.1877,-0.0289 0.1156,-0.0144 0.2166,-0.0144 0.1156,-0.0144 0.2311,-0.0289 0.029,-0.0144 0.072,0 0.043,0.0144 0.072,0 0.9675,-0.0289 1.6894,0.20215 0.722,0.2166 1.2707,0.60648 0.2166,0.14439 0.4188,0.30323 0.2022,0.15884 0.361,0.361 0.043,0.0722 0.1011,0.11552 0.058,0.0433 0.1011,0.11552 0.087,0.11551 0.1732,0.24547 0.087,0.11552 0.1589,0.23104 0.029,0.0722 0.058,0.12996 0.029,0.0433 0.072,0.11552 0.058,0.0866 0.1011,0.17327 0.1155,0.25992 0.231,0.54872 0.029,0.0866 0.043,0.17328 0.029,0.0722 0.058,0.15883 0.043,0.1444 0.072,0.30324 0.043,0.1444 0.087,0.30324 0.029,0.0722 0.029,0.14439 0,0.0722 0.014,0.1444 0.029,0.10108 0.029,0.20216 0,0.10108 0.029,0.2166 l 0,0.0866 q 0.014,0.0722 0,0.14439 -0.014,0.0722 0.014,0.1444 z m -1.3574,0.46208 q 0.029,-0.0722 0.029,-0.24548 0,-0.18772 -0.029,-0.25992 l 0,-0.11552 q 0,-0.0722 -0.014,-0.12995 0,-0.0578 0,-0.12996 -0.029,-0.0722 -0.029,-0.12996 0.014,-0.0722 -0.014,-0.1444 -0.029,-0.12996 -0.058,-0.25992 -0.014,-0.12995 -0.043,-0.24547 -0.072,-0.20216 -0.13,-0.37544 -0.043,-0.18772 -0.1155,-0.36099 -0.2455,-0.59204 -0.6787,-1.06855 -0.4187,-0.47651 -0.9963,-0.73643 -0.3177,-0.1444 -0.7509,-0.23104 -0.2021,-0.0578 -0.462,-0.0578 -0.2455,-0.0144 -0.491,-0.0144 -0.1011,0.0144 -0.2022,0.0289 -0.087,0 -0.2021,0.0144 -0.2166,0.0578 -0.4188,0.11552 -0.1877,0.0433 -0.3754,0.11552 -0.7798,0.33211 -1.2274,0.95303 -0.4476,0.62091 -0.722,1.45842 -0.058,0.15884 -0.087,0.33212 -0.014,0.15883 -0.058,0.33211 -0.014,0.0722 -0.014,0.1444 0,0.0578 -0.014,0.12996 -0.029,0.0578 -0.029,0.12996 0.014,0.0578 0,0.11551 l 0,0.12996 q -0.014,0.0722 -0.014,0.25992 0,0.18772 0.014,0.25992 0,0.0578 0,0.11552 0.014,0.0433 0.014,0.10107 0.029,0.11552 0.029,0.25992 0.014,0.12996 0.043,0.24548 0.014,0.0578 0,0.11552 0,0.0433 0.029,0.10108 0.043,0.15883 0.072,0.31767 0.029,0.15884 0.1011,0.31768 0.072,0.15884 0.1155,0.31767 0.058,0.1444 0.1444,0.2888 0.072,0.11552 0.1299,0.23104 0.072,0.10108 0.1444,0.21659 0.4477,0.63536 1.1697,0.99635 0.2021,0.11552 0.4043,0.17328 0.2166,0.0578 0.462,0.12996 0.1011,0.0289 0.1878,0.0289 0.087,-0.0144 0.1877,0.0144 0.087,0.0289 0.1877,0.0289 0.1155,-0.0144 0.231,-0.0144 l 0.1444,0 q 0.072,-0.0144 0.1444,-0.0144 0.072,-0.0144 0.1444,-0.0144 0.2022,-0.0433 0.3755,-0.0722 0.1877,-0.0289 0.3465,-0.10108 0.7365,-0.30324 1.1985,-0.79419 0.4765,-0.49095 0.7798,-1.22738 0.072,-0.18772 0.1155,-0.38988 0.058,-0.20216 0.1155,-0.40432 0.029,-0.0866 0.029,-0.17327 0.014,-0.10108 0.043,-0.20216 l 0.043,-0.47651 0,-0.12996 z m -9.7179,4.51966 q 0.072,0.18772 -0.058,0.2888 -0.072,0.0433 -0.1877,0.0578 -0.1011,0 -0.2166,0 -0.231,0 -0.4621,0 -0.231,0 -0.361,-0.10108 -0.1155,-0.0722 -0.1588,-0.2166 -0.029,-0.15884 -0.058,-0.31767 -0.014,-0.0578 -0.014,-0.10108 0,-0.0578 0,-0.10108 -0.029,-0.0722 -0.014,-0.12996 0.014,-0.0578 0,-0.11552 -0.014,-0.0866 -0.014,-0.17328 0,-0.0866 0,-0.17328 l -0.043,-0.64979 q -0.029,-0.10108 -0.029,-0.20215 0,-0.10108 -0.029,-0.2166 -0.072,-0.25992 -0.1155,-0.51984 -0.029,-0.25991 -0.1299,-0.49095 -0.2744,-0.60647 -0.9098,-0.80863 -0.1877,-0.0722 -0.4187,-0.0722 -0.2166,-0.0144 -0.4621,-0.0144 l -2.6569,0 q -0.1011,0.0289 -0.1877,0.0578 -0.072,0.0144 -0.13,0.0866 -0.1011,0.1444 -0.1011,0.47651 0.014,0.31768 0.014,0.56316 l 0,2.09377 q 0,0.20216 0.014,0.50539 0.014,0.2888 -0.058,0.4332 -0.029,0.10108 -0.1156,0.12996 -0.058,0.0289 -0.1155,0.0289 -0.043,0 -0.1155,0.0289 -0.058,0.0144 -0.13,0.0144 -0.072,-0.0144 -0.1444,-0.0144 -0.1588,0 -0.3176,0 -0.1444,-0.0144 -0.2455,-0.0866 -0.1155,-0.0722 -0.1155,-0.25992 0,-0.20216 0,-0.38987 l 0,-8.77942 q 0,-0.15883 -0.014,-0.33211 0,-0.17328 0.072,-0.27436 0.058,-0.0866 0.2166,-0.1444 0.029,-0.0144 0.058,0 0.029,0 0.058,-0.0144 l 4.1876,0 q 0.1011,0 0.2166,0 0.1155,-0.0144 0.2021,0 l 0.1589,0 q 0.087,0.0144 0.1733,0.0289 0.087,0 0.1877,0.0144 0.1155,0.0289 0.231,0.0433 0.13,0.0144 0.2455,0.0433 0.2744,0.0866 0.5054,0.18772 0.231,0.10108 0.4332,0.24548 0.361,0.24547 0.5776,0.60647 0.231,0.34655 0.3754,0.82307 0.029,0.11552 0.029,0.24548 0.014,0.11551 0.043,0.23103 l 0,0.1444 q 0.015,0.0722 0,0.17328 0,0.0866 -0.014,0.15884 l 0,0.15884 q -0.029,0.11551 -0.043,0.21659 0,0.10108 -0.029,0.20216 -0.072,0.2166 -0.1444,0.41875 -0.058,0.18772 -0.1733,0.361 -0.043,0.0722 -0.1011,0.12996 -0.043,0.0578 -0.087,0.12996 -0.014,0.0144 -0.029,0.0289 -0.014,0 -0.029,0.0144 -0.029,0.0289 -0.072,0.0722 -0.029,0.0433 -0.058,0.0722 -0.1156,0.0866 -0.2166,0.17327 -0.1011,0.0722 -0.2166,0.1444 -0.072,0.0433 -0.13,0.10108 -0.058,0.0433 -0.072,0.12996 -0.014,0.0866 0.058,0.1444 0.087,0.0578 0.1444,0.0866 0.1588,0.10107 0.2888,0.21659 0.1444,0.11552 0.2454,0.27436 0.1589,0.20216 0.2311,0.46207 0.072,0.24548 0.1444,0.53428 0.014,0.11552 0.029,0.23103 0.014,0.10108 0.029,0.2166 0.029,0.10108 0.014,0.20216 -0.014,0.10108 0.014,0.20216 l 0,0.12996 q 0.029,0.10107 0.014,0.21659 -0.014,0.11552 0.014,0.23104 0.014,0.0578 0,0.11552 0,0.0433 0.014,0.11552 0.029,0.1444 0.043,0.30323 0.014,0.1444 0.058,0.27436 0.029,0.0866 0.029,0.17328 0.014,0.0722 0.043,0.15884 l 0.13,0.34655 z m -1.7472,-5.99253 q 0.101,-0.15883 0.1444,-0.33211 0.058,-0.17328 0.101,-0.37544 l 0,-0.12995 q 0.043,-0.20216 0.014,-0.4332 -0.029,-0.24548 -0.087,-0.40431 -0.231,-0.722 -0.9097,-0.99635 -0.2888,-0.11552 -0.6787,-0.12996 -0.3754,-0.0144 -0.7797,-0.0144 l -2.3826,0 q -0.029,0.0144 -0.072,0.0144 -0.029,0 -0.072,0.0144 -0.1732,0.0433 -0.231,0.18772 -0.058,0.12996 -0.058,0.36099 0.014,0.23104 0.014,0.41876 l 0,1.66058 q 0,0.21659 -0.014,0.46207 0,0.23104 0.1011,0.361 0.072,0.10108 0.2166,0.12996 0.1444,0.0144 0.3177,0.0144 l 0.8953,0 q 0.5631,0 1.0974,0.0144 0.5343,0 0.9819,-0.0577 0.4621,-0.0722 0.8231,-0.24548 0.361,-0.17328 0.5776,-0.51984 z m -8.0576,-1.1985 q 0.029,0.11552 0.029,0.31768 0,0.18771 -0.029,0.28879 -0.029,0.10108 -0.014,0.18772 0.014,0.0866 -0.014,0.18772 -0.029,0.0866 -0.043,0.18772 -0.014,0.0866 -0.043,0.17327 -0.029,0.11552 -0.072,0.2166 -0.029,0.10108 -0.072,0.20216 -0.029,0.0433 -0.043,0.0866 0,0.0289 -0.029,0.0578 -0.1589,0.28879 -0.3466,0.51983 -0.029,0.0578 -0.1011,0.11552 -0.058,0.0578 -0.101,0.0866 -0.058,0.0289 -0.1011,0.0866 -0.043,0.0433 -0.087,0.0722 l -0.3032,0.17327 q -0.1588,0.11552 -0.3754,0.17328 -0.2166,0.0578 -0.4332,0.11552 -0.1155,0.0289 -0.2311,0.0433 -0.1155,0 -0.231,0.0289 -0.058,0.0144 -0.1155,0.0144 -0.043,-0.0144 -0.087,0 -0.072,0.0144 -0.1444,0 -0.058,-0.0144 -0.1299,0 l -2.1804,0 q -0.2166,0 -0.4765,0 -0.2455,-0.0144 -0.3755,0.0866 -0.1588,0.11552 -0.1588,0.41875 0.014,0.30324 0.014,0.56316 l 0,2.12265 q 0,0.18772 0,0.47651 0.014,0.27436 -0.058,0.38988 -0.058,0.0866 -0.1444,0.11552 -0.072,0.0144 -0.1878,0.0433 l -0.2599,0 q -0.2166,0 -0.3898,-0.0144 -0.1733,-0.0144 -0.2455,-0.1444 -0.058,-0.0866 -0.058,-0.23104 0,-0.15884 0,-0.30323 l 0,-8.76498 q 0,-0.15884 -0.014,-0.34655 0,-0.20216 0.072,-0.31768 0.058,-0.0866 0.2166,-0.1444 0.029,-0.0144 0.058,0 0.029,0 0.058,-0.0144 l 3.2778,0 q 0.5487,0 1.0686,0.0144 0.5343,0 0.953,0.12996 0.6498,0.2166 1.0541,0.56315 0.4043,0.34656 0.6642,0.95303 0.072,0.15884 0.1011,0.33212 0.043,0.17328 0.1011,0.36099 0.029,0.10108 0.014,0.18772 -0.014,0.0866 0.014,0.18772 z m -1.3574,0.51983 q 0.058,-0.20215 0.014,-0.46207 -0.043,-0.27436 -0.087,-0.4332 -0.1444,-0.40431 -0.3898,-0.63535 -0.2311,-0.24547 -0.6065,-0.40431 -0.3177,-0.12996 -0.7364,-0.15884 -0.4044,-0.0289 -0.852,-0.0289 l -1.8627,0 q -0.029,0.0144 -0.072,0.0144 -0.029,0 -0.072,0.0144 -0.1733,0.0433 -0.2311,0.18772 -0.058,0.14439 -0.058,0.38987 0.014,0.23104 0.014,0.4332 l 0,1.73278 q 0,0.21659 -0.014,0.47651 0,0.25992 0.087,0.40431 0.072,0.11552 0.2166,0.1444 0.1589,0.0144 0.3466,0.0144 l 1.9493,0 q 0.2166,0 0.4477,0 0.231,-0.0144 0.4043,-0.0578 0.3899,-0.10108 0.6787,-0.23103 0.3032,-0.1444 0.5054,-0.4332 0.1155,-0.17328 0.1732,-0.36099 0.072,-0.18772 0.13,-0.41876 0.014,-0.0578 0.014,-0.18772 z m -9.9699,-7.23911 0,4.5997 0,4.3808 0,4.3809 c 0,2.548 2.0515,4.5996 4.5996,4.5996 l 13.1152,0 13.1152,0 4.5997,0 0,-4.5996 0,-4.3809 0,-4.3808 c 0,-2.5481 -2.0516,-4.5997 -4.5997,-4.5997 l -13.1152,0 -13.1152,0 -4.5996,0 z"
         style="font-style:normal;font-variant:normal;font-weight:normal;font-stretch:normal;font-family:'Alte Haas Grotesk';-inkscape-font-specification:'Alte Haas Grotesk';fill:#ffffff" />
    </g>
  </g>
</svg>
