<?xml version="1.0" encoding="UTF-8" standalone="no"?>
<svg
   xmlns:dc="http://purl.org/dc/elements/1.1/"
   xmlns:cc="http://creativecommons.org/ns#"
   xmlns:rdf="http://www.w3.org/1999/02/22-rdf-syntax-ns#"
   xmlns:svg="http://www.w3.org/2000/svg"
   xmlns="http://www.w3.org/2000/svg"
   version="1.1"
   id="svg8534"
   height="56.481438"
   width="230.75092">
  <defs
     id="defs3" />
  <metadata
     id="metadata4">
    <rdf:RDF>
      <cc:Work
         rdf:about="">
        <dc:format>image/svg+xml</dc:format>
        <dc:type
           rdf:resource="http://purl.org/dc/dcmitype/StillImage" />
        <dc:title></dc:title>
      </cc:Work>
    </rdf:RDF>
  </metadata>
  <path
     d="m 136.54854,13.760089 q 0.58076,-0.03321 1.22606,0 0.6453,0.03321 0.90341,0.398524 0.12906,0.199262 0.16134,0.498154 0.0322,0.265684 0.0322,0.597786 0,0.431734 -0.16133,0.697418 -0.12906,0.166051 -0.38717,0.232472 -0.22586,0.03321 -0.51625,0.03321 -0.29038,0 -0.61303,0 -0.29037,-0.03321 -0.51623,0 -0.90342,0.265682 -1.1938,0.863468 -0.25812,0.564576 -0.25812,1.726937 0,0.232472 -0.0322,0.498155 -0.0322,0.232473 0.0322,0.431735 0.0968,0.498154 0.41944,0.697416 0.25812,0.09963 0.6453,0.09963 0.41944,0 0.77436,0 l 0.48397,0 q 0.0968,0.06642 0.19358,0.03321 0.0968,-0.03321 0.1936,0.03321 0.32264,0.09963 0.41944,0.398523 0.0968,0.265683 0.0968,0.697417 -0.0322,0.132841 -0.0322,0.265683 0,0.132841 0,0.265682 -0.0968,0.498155 -0.41944,0.664206 -0.41945,0.166052 -1.097,0.09963 -0.64531,-0.09963 -1.09702,0.03321 -0.25811,0.06642 -0.38718,0.265682 -0.12905,0.166052 -0.19358,0.464945 -0.0646,0.232472 -0.0322,0.531365 0.0322,0.298893 0.0322,0.564576 l 0,2.191881 0,7.040588 0,1.660516 q 0,0.199262 0,0.431734 0.0322,0.232473 -0.0322,0.398524 l 0,0.265684 q -0.0322,0.13284 -0.0646,0.265682 -0.0322,0.132841 -0.0968,0.232472 -0.16133,0.232472 -0.48397,0.265682 -0.32265,0.03322 -0.70983,0.03322 l -0.61303,0 q -0.16132,-0.06642 -0.32265,-0.09963 -0.12906,-0.06642 -0.22585,-0.232472 -0.0646,-0.09963 -0.12907,-0.431734 l 0,-0.232472 q -0.0646,-0.166052 -0.0646,-0.332104 0.0322,-0.199262 0.0322,-0.365314 l 0,-1.328412 0,-9.066418 q 0,-0.365314 0,-0.763838 0.0322,-0.398524 0,-0.730627 0,-0.365314 -0.12907,-0.630996 -0.0968,-0.265682 -0.3549,-0.365314 -0.1936,-0.09963 -0.45171,-0.09963 -0.22586,0 -0.48397,0 -0.25813,0 -0.51625,0 -0.22585,0 -0.41943,-0.06642 -0.29039,-0.13284 -0.41945,-0.564575 -0.0322,-0.166051 -0.0322,-0.298893 0,-0.132841 0,-0.298892 0,-0.464945 0.0968,-0.730628 0.0968,-0.298893 0.41944,-0.398523 0.22585,-0.09963 0.51624,-0.06642 0.32264,0 0.61303,0 0.32265,0 0.5485,-0.06642 0.25812,-0.06642 0.41944,-0.265682 0.22586,-0.265683 0.19359,-0.830258 0,-0.564576 0,-1.06273 0,-0.664208 0.0646,-1.228783 0.0968,-0.597786 0.29037,-1.06273 0.35492,-0.797048 0.93569,-1.295202 0.61302,-0.498156 1.45191,-0.763838 0.1936,-0.06642 0.38718,-0.06642 0.22585,-0.03322 0.45171,-0.09963 0.0646,-0.03321 0.22585,0 0.16133,0 0.22586,-0.03321 z"
     style="font-style:normal;font-variant:normal;font-weight:normal;font-stretch:normal;font-size:medium;line-height:125%;font-family:'Alte Haas Grotesk';-inkscape-font-specification:'Alte Haas Grotesk';letter-spacing:-0.47324705px;word-spacing:0px;fill:#ffffff;fill-opacity:1;stroke:none"
     id="path4294" />
  <path
     d="m 154.89215,28.439052 q 0.0646,0.332104 0,0.763838 -0.0322,0.398523 -0.19359,0.564574 -0.16132,0.132842 -0.48397,0.199262 -0.29038,0.03321 -0.67756,0.03321 -0.38718,0 -0.77436,0 -0.38717,-0.03321 -0.67756,-0.03321 l -8.2598,0 q -0.25812,0 -0.51623,0.03321 -0.25813,0 -0.41945,0.09963 -0.12905,0.06642 -0.25812,0.265682 -0.0646,0.09963 -0.12906,0.298893 -0.0646,0.166052 0,0.332104 0.0322,0.166051 0.0322,0.298892 0,0.132842 0.0322,0.265683 0.0646,0.265683 0.12907,0.564575 0.0646,0.265684 0.19358,0.531366 0.7421,1.793357 2.45213,2.557195 0.19359,0.09963 0.41944,0.166051 0.22585,0.06642 0.45171,0.132841 0.0968,0.03321 0.32265,0.03321 0.45171,0.132841 1.1938,0.132841 0.74209,0 1.1938,-0.132841 0.4517,-0.132841 0.80662,-0.265683 0.38718,-0.166052 0.70983,-0.398524 0.3549,-0.232472 0.61303,-0.531365 0.25811,-0.332103 0.45171,-0.697416 0.19358,-0.332104 0.32265,-0.697418 0.16132,-0.365313 0.51623,-0.531364 0.12906,-0.06642 0.41944,-0.09963 0.29039,-0.03321 0.58077,0 0.29038,0 0.5485,0.03321 0.25812,0.03321 0.35492,0.132842 0.32264,0.232472 0.16132,0.763838 -0.25812,0.896678 -0.67756,1.594095 -0.6453,1.06273 -1.48419,1.760148 -0.80661,0.664206 -2.06494,1.09594 -0.32266,0.132841 -0.6453,0.166052 -0.32265,0.06642 -0.67757,0.13284 -0.16132,0.03322 -0.32264,0.03322 -0.12906,0 -0.29038,0.03321 l -0.32266,0 q -0.16132,0.03321 -0.38717,0.03321 -0.19359,0 -0.32265,-0.03321 l -0.29039,0 q -0.16132,-0.03321 -0.29037,-0.03321 -0.12906,0 -0.25813,-0.03322 -0.16132,-0.03321 -0.35491,-0.06642 -0.19359,0 -0.35491,-0.03321 -0.29039,-0.06642 -0.58076,-0.166052 -0.29039,-0.06642 -0.54851,-0.166052 -0.12906,-0.06642 -0.22585,-0.06642 -0.0968,-0.03321 -0.22586,-0.09963 -0.48397,-0.232472 -1.03248,-0.564574 -0.93568,-0.630996 -1.61323,-1.527676 -0.6453,-0.929889 -1.097,-2.059039 -0.16134,-0.365314 -0.25813,-0.763838 -0.0646,-0.398524 -0.19358,-0.797048 -0.0322,-0.132841 -0.0322,-0.232472 0,-0.09963 -0.0322,-0.265682 -0.0646,-0.265683 -0.0968,-0.564576 -0.0322,-0.298893 -0.0968,-0.597786 l 0,-0.464944 q -0.0322,-0.132841 -0.0646,-0.365314 0,-0.265683 0.0322,-0.431734 l 0,-0.365313 q 0.0646,-0.166052 0.0322,-0.332104 0,-0.199262 0.0322,-0.365314 0.12906,-0.531364 0.19359,-1.06273 0.0968,-0.531365 0.29038,-0.996309 0.16133,-0.365314 0.29039,-0.730628 0.16132,-0.398524 0.35491,-0.763837 0.70982,-1.162361 1.61324,-1.992619 0.90342,-0.863469 2.22628,-1.428044 0.38718,-0.166052 0.77435,-0.232473 0.41944,-0.09963 0.87115,-0.199262 0.16132,-0.03321 0.29039,-0.03321 0.12906,-0.03321 0.29038,-0.03321 0.0646,-0.03321 0.16133,0 0.0968,0.03321 0.16132,-0.03321 1.35512,-0.03321 2.35533,0.298892 1.00021,0.298894 1.80684,0.830259 0.16132,0.06642 0.25811,0.199262 0.0968,0.09963 0.22586,0.166051 0.25811,0.199262 0.51623,0.464945 0.29038,0.265682 0.48398,0.531365 0.51623,0.697417 0.87115,1.328413 0.22585,0.365314 0.35491,0.797048 0.12906,0.431734 0.29038,0.863468 0.16132,0.431734 0.22585,0.896679 0.0968,0.464944 0.22586,0.929889 0.0322,0.232472 0.0322,0.464945 0.0322,0.232472 0.0646,0.464944 z m -3.12969,-1.129151 q 0.0968,-0.132841 0.16133,-0.332103 0.0646,-0.232473 0,-0.464945 -0.19359,-0.730627 -0.5485,-1.361623 -0.45171,-0.763837 -1.00022,-1.295203 -0.5485,-0.531365 -1.41965,-0.896678 -0.22585,-0.06642 -0.4517,-0.09963 -0.22586,-0.06642 -0.48397,-0.132841 -0.25813,-0.06642 -0.54851,-0.06642 -0.29038,0 -0.54851,0 -0.0968,0.06642 -0.22584,0.06642 -0.12906,-0.03321 -0.22586,0 -0.25812,0.06642 -0.51624,0.132841 -0.22585,0.03321 -0.45171,0.09963 -0.93568,0.398524 -1.51644,0.99631 -0.54851,0.597785 -1.00021,1.494464 -0.0968,0.166052 -0.19359,0.431734 -0.0968,0.232472 -0.16133,0.531365 -0.0646,0.298893 -0.0322,0.564576 0.0322,0.265682 0.22586,0.398524 0.25811,0.199262 0.87115,0.199262 0.64529,-0.03321 1.097,-0.03321 l 4.90425,0 q 0.48398,0 1.16153,0.03321 0.67757,0 0.90342,-0.265683 z"
     style="font-style:normal;font-variant:normal;font-weight:normal;font-stretch:normal;font-size:medium;line-height:125%;font-family:'Alte Haas Grotesk';-inkscape-font-specification:'Alte Haas Grotesk';letter-spacing:-0.47324705px;word-spacing:0px;fill:#ffffff;fill-opacity:1;stroke:none"
     id="path4296" />
  <path
     d="m 171.7515,28.439052 q 0.0646,0.332104 0,0.763838 -0.0322,0.398523 -0.1936,0.564574 -0.16132,0.132842 -0.48397,0.199262 -0.29038,0.03321 -0.67756,0.03321 -0.38718,0 -0.77436,0 -0.38717,-0.03321 -0.67756,-0.03321 l -8.25979,0 q -0.25812,0 -0.51624,0.03321 -0.25812,0 -0.41944,0.09963 -0.12906,0.06642 -0.25813,0.265682 -0.0646,0.09963 -0.12905,0.298893 -0.0646,0.166052 0,0.332104 0.0322,0.166051 0.0322,0.298892 0,0.132842 0.0322,0.265683 0.0646,0.265683 0.12906,0.564575 0.0646,0.265684 0.19359,0.531366 0.74209,1.793357 2.45212,2.557195 0.1936,0.09963 0.41945,0.166051 0.22585,0.06642 0.45171,0.132841 0.0968,0.03321 0.32265,0.03321 0.45171,0.132841 1.19379,0.132841 0.7421,0 1.19381,-0.132841 0.45171,-0.132841 0.80661,-0.265683 0.38718,-0.166052 0.70983,-0.398524 0.35491,-0.232472 0.61303,-0.531365 0.25812,-0.332103 0.45171,-0.697416 0.19358,-0.332104 0.32265,-0.697418 0.16132,-0.365313 0.51624,-0.531364 0.12905,-0.06642 0.41944,-0.09963 0.29038,-0.03321 0.58077,0 0.29037,0 0.5485,0.03321 0.25811,0.03321 0.35491,0.132842 0.32265,0.232472 0.16132,0.763838 -0.25812,0.896678 -0.67755,1.594095 -0.64531,1.06273 -1.48419,1.760148 -0.80662,0.664206 -2.06495,1.09594 -0.32264,0.132841 -0.64529,0.166052 -0.32266,0.06642 -0.67757,0.13284 -0.16132,0.03322 -0.32264,0.03322 -0.12906,0 -0.29039,0.03321 l -0.32264,0 q -0.16133,0.03321 -0.38718,0.03321 -0.1936,0 -0.32265,-0.03321 l -0.29039,0 q -0.16132,-0.03321 -0.29038,-0.03321 -0.12906,0 -0.25812,-0.03322 -0.16132,-0.03321 -0.35491,-0.06642 -0.19359,0 -0.35491,-0.03321 -0.29039,-0.06642 -0.58077,-0.166052 -0.29039,-0.06642 -0.54851,-0.166052 -0.12906,-0.06642 -0.22585,-0.06642 -0.0968,-0.03321 -0.22585,-0.09963 -0.48397,-0.232472 -1.03248,-0.564574 -0.93568,-0.630996 -1.61324,-1.527676 -0.64529,-0.929889 -1.097,-2.059039 -0.16133,-0.365314 -0.25812,-0.763838 -0.0646,-0.398524 -0.19359,-0.797048 -0.0322,-0.132841 -0.0322,-0.232472 0,-0.09963 -0.0322,-0.265682 -0.0646,-0.265683 -0.0968,-0.564576 -0.0322,-0.298893 -0.0968,-0.597786 l 0,-0.464944 q -0.0322,-0.132841 -0.0646,-0.365314 0,-0.265683 0.0322,-0.431734 l 0,-0.365313 q 0.0646,-0.166052 0.0322,-0.332104 0,-0.199262 0.0322,-0.365314 0.12907,-0.531364 0.1936,-1.06273 0.0968,-0.531365 0.29037,-0.996309 0.16133,-0.365314 0.29039,-0.730628 0.16132,-0.398524 0.35492,-0.763837 0.70982,-1.162361 1.61324,-1.992619 0.90341,-0.863469 2.22627,-1.428044 0.38718,-0.166052 0.77435,-0.232473 0.41945,-0.09963 0.87116,-0.199262 0.16133,-0.03321 0.29038,-0.03321 0.12906,-0.03321 0.29038,-0.03321 0.0646,-0.03321 0.16133,0 0.0968,0.03321 0.16132,-0.03321 1.35513,-0.03321 2.35534,0.298892 1.0002,0.298894 1.80683,0.830259 0.16132,0.06642 0.25811,0.199262 0.0968,0.09963 0.22586,0.166051 0.25811,0.199262 0.51624,0.464945 0.29038,0.265682 0.48397,0.531365 0.51624,0.697417 0.87115,1.328413 0.22585,0.365314 0.35491,0.797048 0.12907,0.431734 0.29039,0.863468 0.16132,0.431734 0.22585,0.896679 0.0968,0.464944 0.22585,0.929889 0.0322,0.232472 0.0322,0.464945 0.0322,0.232472 0.0646,0.464944 z m -3.1297,-1.129151 q 0.0968,-0.132841 0.16133,-0.332103 0.0646,-0.232473 0,-0.464945 -0.19359,-0.730627 -0.5485,-1.361623 -0.45171,-0.763837 -1.00021,-1.295203 -0.54851,-0.531365 -1.41965,-0.896678 -0.22586,-0.06642 -0.45171,-0.09963 -0.22586,-0.06642 -0.48397,-0.132841 -0.25812,-0.06642 -0.54851,-0.06642 -0.29038,0 -0.5485,0 -0.0968,0.06642 -0.22585,0.06642 -0.12906,-0.03321 -0.22586,0 -0.25811,0.06642 -0.51624,0.132841 -0.22585,0.03321 -0.4517,0.09963 -0.93569,0.398524 -1.51645,0.99631 -0.5485,0.597785 -1.00021,1.494464 -0.0968,0.166052 -0.19358,0.431734 -0.0968,0.232472 -0.16134,0.531365 -0.0646,0.298893 -0.0322,0.564576 0.0322,0.265682 0.22586,0.398524 0.25811,0.199262 0.87115,0.199262 0.6453,-0.03321 1.097,-0.03321 l 4.90426,0 q 0.48397,0 1.16153,0.03321 0.67756,0 0.90341,-0.265683 z"
     style="font-style:normal;font-variant:normal;font-weight:normal;font-stretch:normal;font-size:medium;line-height:125%;font-family:'Alte Haas Grotesk';-inkscape-font-specification:'Alte Haas Grotesk';letter-spacing:-0.47324705px;word-spacing:0px;fill:#ffffff;fill-opacity:1;stroke:none"
     id="path4298" />
  <path
     d="m 189.06255,35.878164 q 0,0.431734 0,0.863468 0,0.398524 -0.16132,0.664207 -0.16133,0.232473 -0.54851,0.265683 -0.35491,0 -0.74209,0 -0.19359,0 -0.38718,0.03321 -0.16132,0 -0.29038,-0.06642 -0.29038,-0.06642 -0.38717,-0.265684 -0.12907,-0.166051 -0.16133,-0.398524 0,-0.232472 -0.0968,-0.464944 -0.0322,-0.06642 -0.0968,-0.09963 -0.0322,-0.06642 -0.0968,-0.132842 -0.32265,-0.03321 -0.51624,0.132842 -0.16133,0.166051 -0.35491,0.332102 -0.6453,0.498156 -1.2906,0.763838 -0.58077,0.265682 -1.35513,0.398524 -0.74208,0.132841 -1.54871,0.132841 -0.77435,0.03321 -1.54871,-0.09963 -0.77436,-0.09963 -1.35512,-0.365314 -1.67777,-0.730626 -2.71024,-1.959408 -1.03248,-1.261993 -1.61325,-3.121771 -0.12906,-0.298892 -0.19358,-0.597786 -0.0322,-0.332103 -0.12906,-0.664206 -0.0322,-0.166052 -0.0322,-0.332103 0,-0.166052 -0.0322,-0.332104 -0.0646,-0.166051 -0.0646,-0.332103 0.0322,-0.199262 0,-0.365313 l 0,-0.332104 q -0.0646,-0.166051 -0.0646,-0.431734 0,-0.265682 0.0646,-0.431734 l 0,-0.365314 q 0.0646,-0.232472 0.0322,-0.464944 0,-0.265682 0.0646,-0.498155 0.0322,-0.166051 0.0322,-0.298893 0,-0.132841 0.0322,-0.298893 0.0968,-0.332103 0.16132,-0.630996 0.0646,-0.332103 0.16133,-0.630996 0.41944,-1.261992 1.06474,-2.258302 0.67756,-1.02952 1.61324,-1.693726 0.5485,-0.398524 1.12927,-0.664207 0.61303,-0.265682 1.32286,-0.464944 0.22585,-0.03321 0.41944,-0.06642 0.22585,-0.03322 0.45171,-0.09963 l 0.32264,0 q 0.25812,-0.06642 0.7421,-0.06642 0.51623,0 0.77436,0.06642 0.12905,0.03321 0.3549,0.03321 0.35492,0.09963 0.70983,0.166052 0.35492,0.03321 0.67756,0.199262 0.48397,0.199262 0.90342,0.431734 0.45171,0.232472 0.83889,0.531365 0.19358,0.166052 0.38718,0.365314 0.22585,0.166052 0.58076,0.09963 0.0646,-0.09963 0.0968,-0.166052 0.0646,-0.06642 0.0968,-0.199262 0.0968,-0.298893 0.0646,-0.763837 0,-0.464945 0,-0.830259 l 0,-3.819187 q 0,-0.464944 0,-1.02952 0,-0.597786 0.16133,-0.863468 0.12905,-0.232472 0.38717,-0.298892 0.0646,0 0.16133,0 0.0968,-0.03321 0.16132,-0.03321 0.45171,-0.03321 0.93568,0 0.51624,0 0.70983,0.265683 0.16132,0.265682 0.16132,0.664206 0,0.398524 0,0.830258 l 0,20.059035 z m -2.61346,-6.276751 q 0.0646,-0.166051 0.0646,-0.431734 0,-0.298893 -0.0646,-0.464945 l 0,-0.498154 q -0.0646,-0.298894 -0.0968,-0.597786 -0.0322,-0.332104 -0.12906,-0.597786 -0.0646,-0.265683 -0.12905,-0.498155 -0.0322,-0.232472 -0.12907,-0.464944 -0.38717,-0.99631 -1.00021,-1.760148 -0.61303,-0.763837 -1.54871,-1.195571 -0.32265,-0.166052 -0.67756,-0.232473 -0.32265,-0.09963 -0.70983,-0.166051 -0.25811,-0.06642 -0.58076,-0.06642 -0.29039,0 -0.58077,0 -0.16132,0.03321 -0.29038,0.06642 -0.12906,0 -0.29038,0 -0.25813,0.06642 -0.5485,0.132841 -0.25813,0.06642 -0.51625,0.166052 -1.03247,0.464944 -1.67777,1.361624 -0.61302,0.863468 -1.0002,2.025829 -0.12906,0.365313 -0.1936,0.763837 -0.0322,0.365314 -0.0968,0.730627 0,0.132842 -0.0322,0.265683 0,0.09963 0,0.232473 -0.0646,0.16605 -0.0646,0.365312 0.0322,0.199262 0.0322,0.365314 0,0.365314 0,0.730628 0,0.332102 0.0646,0.630996 0.0322,0.09963 0.0322,0.332103 0.0646,0.232472 0.0968,0.464944 0.0646,0.232472 0.12906,0.464945 0.35492,1.162361 0.96795,1.992619 0.61303,0.830258 1.54871,1.361623 0.29038,0.166052 0.58076,0.265683 0.29039,0.09963 0.6453,0.199262 0.16132,0.06642 0.32265,0.03321 0.19359,-0.03321 0.35491,0.03322 0.12906,0.03321 0.25812,0.03321 0.16133,0 0.29038,0 l 0.29039,0 q 0.0968,-0.03321 0.32264,-0.03321 0.25812,-0.06642 0.51625,-0.09963 0.25811,-0.06642 0.48397,-0.166052 1.06474,-0.464944 1.71003,-1.162362 0.67756,-0.730626 1.12927,-1.826567 0.16133,-0.365313 0.22586,-0.730627 0.0646,-0.365314 0.16132,-0.730627 0.0646,-0.132842 0.0646,-0.232472 0,-0.132842 0.0322,-0.265683 0.0322,-0.199262 0,-0.398524 0,-0.199262 0.0322,-0.398523 z"
     style="font-style:normal;font-variant:normal;font-weight:normal;font-stretch:normal;font-size:medium;line-height:125%;font-family:'Alte Haas Grotesk';-inkscape-font-specification:'Alte Haas Grotesk';letter-spacing:-0.47324705px;word-spacing:0px;fill:#ffffff;fill-opacity:1;stroke:none"
     id="path4300" />
  <path
     style="fill:#ffffff"
     id="path7578"
     d="m 28.727714,40.052363 c 0.232473,-0.01 0.464115,-0.02491 0.690775,-0.04733 l 0,0 1.397324,14.372597 c -0.505627,0.04899 -1.014575,0.08469 -1.526014,0.103782 l 0,0 -0.562085,-14.429054 0,0 z" />
  <path
     style="fill:#ffffff"
     id="path7580"
     d="m 23.207329,54.015642 2.765589,-14.173334 c 0.22334,0.04317 0.44917,0.08053 0.679151,0.112915 l 0,0 -1.93284,14.308666 c -0.508948,-0.06891 -1.012085,-0.151107 -1.5119,-0.248247 l 0,0 z" />
  <path
     style="fill:#ffffff"
     id="path7582"
     d="m 35.331587,53.534092 c 8.3e-4,0 8.3e-4,0 0,0 l 0,0 0,0 0,0 0,0 z" />
  <path
     style="fill:#ffffff"
     id="path7584"
     d="m 31.445149,39.627271 c 0.219188,-0.06144 0.436716,-0.129521 0.652583,-0.204244 l 0,0 4.700921,13.653593 c -0.48238,0.166052 -0.970572,0.31965 -1.466236,0.457472 l 0,0 -3.887268,-13.906821 0,0 z" />
  <path
     style="fill:#ffffff"
     id="path7586"
     d="m 17.377257,52.146731 0,-0.0017 5.988651,-13.138833 c 0.208395,0.09382 0.41845,0.183487 0.633487,0.266513 l 0,0 -5.209039,13.467615 c -0.479059,-0.183487 -0.949815,-0.383579 -1.413099,-0.593635 l 0,0 z" />
  <path
     style="fill:#ffffff"
     id="path7588"
     d="m 33.978266,38.584467 c 0.200092,-0.112085 0.397694,-0.229152 0.591974,-0.35369 l 0,0 7.742986,12.189018 c -0.430073,0.274815 -0.86928,0.534686 -1.315128,0.783763 l 0,0 0,8.3e-4 -7.019832,-12.619921 0,0 z" />
  <path
     style="fill:#ffffff"
     id="path7590"
     d="m 12.149953,48.981788 0,0 8.863004,-11.400273 c 0.182657,0.141974 0.366974,0.276476 0.556273,0.406826 l 0,0 -8.186344,11.896767 c -0.420111,-0.28976 -0.831088,-0.591143 -1.232933,-0.90332 l 0,0 z" />
  <path
     style="fill:#ffffff"
     id="path7592"
     d="m 36.215811,36.972936 c 0.169373,-0.156089 0.334594,-0.316328 0.495665,-0.48155 l 0,0 10.341693,10.080163 c -0.35535,0.364483 -0.721494,0.719003 -1.098431,1.06273 l 0,0 -9.738927,-10.661343 0,0 z" />
  <path
     style="fill:#ffffff"
     id="path7594"
     d="M 7.7969101,44.702638 19.045246,35.646184 c 0.144464,0.179335 0.293911,0.35535 0.448339,0.527213 l 0,0 -10.7036864,9.691602 C 8.4486626,45.487232 8.1173896,45.099501 7.7969101,44.702638 l 0,0 z" />
  <path
     style="fill:#ffffff"
     id="path7596"
     d="m 4.5422987,39.525149 -8.303e-4,0 13.0392016,-6.2095 c 0.09797,0.207565 0.202583,0.412639 0.313838,0.612731 l 0,0 -12.6523018,6.962543 C 4.9956195,40.443414 4.762317,39.987603 4.5422987,39.525149 l 0,0 z" />
  <path
     style="fill:#ffffff"
     id="path7598"
     d="m 2.5737569,33.723306 0,0 14.1251791,-3.001383 c 0.04899,0.225 0.102122,0.445849 0.163561,0.666698 l 0,0 -13.9259173,3.825828 C 2.8020779,34.722937 2.6816905,34.225612 2.5737569,33.723306 l 0,0 z" />
  <path
     style="fill:#ffffff"
     id="path7600"
     d="m 2.0000486,28.246094 c 0,-0.200092 0,-0.399354 0.0083,-0.597786 l 0,0 14.4365258,0.324631 c 0,0.0905 0,0.181827 0,0.273155 l 0,0 c 0,0.141974 0,0.283118 0.0083,0.423432 l 0,0 -14.4323749,0.502306 C 2.010842,28.862976 2.0033697,28.55578 2.0033697,28.246094 l 0,0 z" />
  <path
     style="fill:#ffffff"
     id="path7602"
     d="m 2.5073363,23.090192 c 0.1012914,-0.502306 0.2166973,-1.001291 0.3437268,-1.494465 l 0,0 13.9732419,3.648984 c -0.05812,0.220849 -0.110424,0.444188 -0.155258,0.668358 l 0,0 -14.1617107,-2.822877 0,0 z" />
  <path
     style="fill:#ffffff"
     id="path7604"
     d="m 4.4028153,17.267592 c 0.2125461,-0.464944 0.4400368,-0.922416 0.6799813,-1.370756 l 0,0 0,-0.0017 12.7403094,6.800643 c -0.108764,0.201753 -0.211716,0.405996 -0.306365,0.614391 l 0,0 -13.1139257,-6.042618 0,0 z" />
  <path
     style="fill:#ffffff"
     id="path7606"
     d="m 7.587685,12.052742 c 0.3146678,-0.401845 0.640129,-0.793727 0.9772137,-1.174815 l 0,0 0,0 10.8249043,9.555439 c -0.152768,0.172694 -0.299723,0.349539 -0.441698,0.531365 l 0,0 -11.3629107,-8.911989 0,0 z" />
  <path
     style="fill:#ffffff"
     id="path7608"
     d="M 36.107048,19.4163 45.709812,8.6320787 c 0.381088,0.3395755 0.751383,0.6891142 1.112546,1.0486159 l 0,0 0,8.302e-4 -10.212174,10.2088522 c -0.162731,-0.1619 -0.329612,-0.320479 -0.503136,-0.474077 l 0,0 z" />
  <path
     style="fill:#ffffff"
     id="path7610"
     d="M 11.8851,7.7187949 C 12.282794,7.3999758 12.692111,7.0936106 13.109731,6.798869 l 0,0 8.338281,11.788834 c -0.190129,0.134501 -0.373616,0.272324 -0.552952,0.416789 l 0,0 -9.00996,-11.2856971 0,0 z" />
  <path
     style="fill:#ffffff"
     id="path7612"
     d="m 33.851237,17.834659 6.85461,-12.7087599 c 0.45,0.2424354 0.892527,0.4989851 1.326752,0.7654979 l 0,0 -7.584407,12.287819 c -0.195941,-0.119558 -0.396033,-0.234963 -0.596955,-0.344557 l 0,0 z" />
  <path
     style="fill:#ffffff"
     id="path7614"
     d="m 17.074213,4.4866005 c 0.463284,-0.2183579 0.93155,-0.4242619 1.408948,-0.6152212 l 0,0 0,8.302e-4 5.376751,13.4020245 c -0.212546,0.08552 -0.423432,0.176845 -0.630166,0.273985 l 0,0 -6.155533,-13.0616185 0,0 z" />
  <path
     style="fill:#ffffff"
     id="path7616"
     d="M 31.304005,16.825065 35.013598,2.8700881 c 0.495664,0.1311808 0.986346,0.2764759 1.471217,0.4358855 l 0,0 0,0 -4.521585,13.7142014 c -0.216697,-0.06974 -0.435886,-0.136162 -0.657564,-0.19511 l 0,0 z" />
  <path
     style="fill:#ffffff"
     id="path7618"
     d="m 22.886849,2.5404757 c 0.498985,-0.102952 1.001292,-0.1926199 1.509409,-0.2673431 l 0,0 2.109686,14.2854194 c -0.228321,0.03321 -0.454151,0.07389 -0.67666,0.120387 l 0,0 -2.942435,-14.1384633 0,0 z" />
  <path
     style="fill:#ffffff"
     id="path7620"
     d="M 28.580759,16.434843 28.964338,1.9999777 c 0.512269,0.014945 1.020387,0.042343 1.525184,0.084686 l 0,0 0,8.302e-4 -1.217158,14.3875407 c -0.229151,-0.0191 -0.458303,-0.03155 -0.691605,-0.03819 l 0,0 z" />
  <path
     d="M 42.798927,41.207119"
     id="path7624"
     style="fill:#ffffff" />
  <path
     d="M 42.798927,41.207119"
     id="path7628"
     style="fill:#ffffff" />
  <path
     d="M 41.716271,14.786756"
     id="path7632"
     style="fill:#ffffff" />
  <path
     d="m 30.043082,28.36255 0,0.90809 21.898048,0 0,-0.90809 -21.898048,0 z"
     id="path7634"
     style="color:#000000;font-style:normal;font-variant:normal;font-weight:normal;font-stretch:normal;font-size:medium;line-height:normal;font-family:Sans;-inkscape-font-specification:Sans;text-indent:0;text-align:start;text-decoration:none;text-decoration-line:none;letter-spacing:normal;word-spacing:normal;text-transform:none;direction:ltr;block-progression:tb;writing-mode:lr-tb;baseline-shift:baseline;text-anchor:start;display:inline;overflow:visible;visibility:visible;fill:#ffffff;fill-opacity:1;fill-rule:nonzero;stroke:none;stroke-width:1.08925045px;marker:none;enable-background:accumulate" />
  <path
     d="m 30.593575,28.816584 a 2.3075195,2.3075195 0 0 1 -4.615039,0 2.3075195,2.3075195 0 1 1 4.615039,0 z"
     id="path7636"
     style="fill:#ffffff;fill-opacity:1" />
  <path
     d="m 57.58299,20.03688 q 2.613453,-0.06642 4.355753,0.797047 1.774567,0.863468 2.807041,2.457564 0.516237,0.797048 0.774356,1.826568 0.06453,0.166052 0.09679,0.431734 0.06453,0.265682 0,0.464944 -0.129059,0.365314 -0.451707,0.431735 -0.322649,0.03321 -0.774356,0.03321 l -1.677772,0 q -0.290383,0 -0.613032,0 -0.290383,0 -0.483972,-0.132841 -0.258119,-0.132842 -0.354913,-0.398524 -0.09679,-0.298893 -0.258119,-0.597786 -0.193589,-0.365314 -0.419443,-0.664206 -0.225854,-0.298894 -0.516237,-0.531366 -0.451707,-0.298892 -1.00021,-0.464944 -0.193589,-0.06642 -0.387178,-0.06642 -0.193589,0 -0.354913,-0.06642 l -0.322649,0 q -0.645296,0 -1.032474,0.132842 -0.935681,0.298892 -1.516448,0.929889 -0.580767,0.597786 -0.93568,1.461254 -0.161323,0.365314 -0.258119,0.797048 -0.06453,0.398524 -0.161324,0.863468 -0.03226,0.132842 -0.03226,0.265682 0,0.132842 -0.03226,0.265684 -0.06453,0.332102 -0.06453,0.929888 0.03226,0.597786 0.09679,0.929889 0,0.265683 0.03226,0.365314 0.06453,0.232472 0.06453,0.464944 0.03226,0.232472 0.09679,0.464945 0.258118,0.763837 0.613031,1.394833 0.354914,0.630996 0.903416,1.062731 0.12906,0.09963 0.387178,0.232472 0.354913,0.232472 0.709826,0.298893 0.387178,0.06642 0.93568,0.132841 0.06453,0 0.193589,0 0.12906,0 0.193589,-0.03321 l 0.290384,0 q 0.225854,-0.06642 0.419443,-0.09963 0.225854,-0.06642 0.419443,-0.132841 0.967945,-0.431735 1.484182,-1.261993 0.129059,-0.166051 0.225854,-0.365312 0.09679,-0.232474 0.161324,-0.398524 0.129059,-0.365314 0.225854,-0.630997 0.09679,-0.298893 0.451707,-0.464945 0.290384,-0.132841 0.935681,-0.09963 0.645296,0 1.064739,0 0.225855,0 0.451708,0 0.258119,-0.03321 0.419443,0.03321 l 0.258118,0 q 0.12906,0.03321 0.258119,0.06642 0.129059,0 0.193589,0.06642 0.161324,0.132841 0.193589,0.398524 0.06453,0.232473 0,0.498155 -0.290383,1.09594 -0.709826,1.959409 -1.322858,2.557194 -4.226694,3.553504 -0.322647,0.09963 -0.677561,0.132842 -0.354913,0.06642 -0.709826,0.166052 -0.193589,0.03321 -0.387178,0.03321 -0.193589,0 -0.387178,0.03321 l -0.354914,0 q -0.161324,0.06642 -0.483972,0.03321 -0.322649,0 -0.483973,-0.03321 -0.258118,-0.06642 -0.483972,-0.06642 -0.193589,0.03321 -0.419443,-0.03321 -0.161324,-0.03322 -0.322648,-0.06642 -0.161325,0 -0.322649,-0.03321 -0.354912,-0.09963 -0.677561,-0.199262 -0.322649,-0.09963 -0.613032,-0.232472 -1.516447,-0.664206 -2.548922,-1.693726 -1.032475,-1.062731 -1.677771,-2.623617 -0.161325,-0.298892 -0.258119,-0.630996 -0.09679,-0.365312 -0.193589,-0.730626 -0.03226,-0.132842 -0.03226,-0.232472 0,-0.132842 -0.06453,-0.298894 -0.06453,-0.232472 -0.06453,-0.464944 0,-0.265683 -0.06453,-0.498155 l 0,-0.564576 q -0.06453,-0.166051 -0.06453,-0.365313 0,-0.232472 0.06453,-0.398523 0.03226,-0.166052 0,-0.298894 -0.03226,-0.132841 0,-0.265682 0.06453,-0.232472 0.03226,-0.431734 0,-0.199262 0.06453,-0.398524 0.161324,-0.597786 0.258118,-1.129151 0.09679,-0.564576 0.290384,-1.095941 0.709827,-1.693727 1.774566,-2.822877 1.097004,-1.129151 2.774775,-1.826568 0.451709,-0.199262 0.935681,-0.265683 0.483973,-0.09963 1.000209,-0.232472 0.258119,-0.03321 0.483973,-0.03321 0.225854,0 0.483972,-0.03321 z"
     style="font-style:normal;font-variant:normal;font-weight:bold;font-stretch:normal;font-size:medium;line-height:125%;font-family:'Alte Haas Grotesk';-inkscape-font-specification:'Alte Haas Grotesk Bold';letter-spacing:-0.47324705px;word-spacing:0px;fill:#ffffff;fill-opacity:1;stroke:none"
     id="path4283" />
  <path
     d="m 69.054683,13.959391 2.355333,0 q 0.322648,0 0.613031,0.03321 0.290384,0.03321 0.451709,0.199262 0.193589,0.232472 0.193589,0.630996 0.03226,0.365314 0.03226,0.763837 l 0,2.955718 0,11.922507 0,5.081179 q 0,0.398524 0,0.92989 0.03226,0.498154 -0.12906,0.763836 -0.161324,0.265684 -0.580767,0.365314 -0.193589,0.06642 -0.451708,0.03321 -0.225853,-0.03321 -0.451707,-0.03321 l -1.548712,0 q -0.354913,0 -0.645297,-0.03321 -0.290383,-0.03321 -0.483972,-0.199262 -0.193589,-0.166052 -0.225854,-0.498155 0,-0.365313 0,-0.730627 l 0,-2.955719 0,-12.453871 0,-4.516604 q 0,-0.431734 -0.03226,-1.029519 0,-0.597786 0.161324,-0.86347 0.06453,-0.13284 0.161324,-0.199261 0.12906,-0.06642 0.258119,-0.132841 0.06453,0 0.161324,0 0.09679,-0.03321 0.161324,-0.03321 z"
     style="font-style:normal;font-variant:normal;font-weight:bold;font-stretch:normal;font-size:medium;line-height:125%;font-family:'Alte Haas Grotesk';-inkscape-font-specification:'Alte Haas Grotesk Bold';letter-spacing:-0.47324705px;word-spacing:0px;fill:#ffffff;fill-opacity:1;stroke:none"
     id="path4285" />
  <path
     d="m 91.657438,28.904036 q 0.06453,0.265682 0,0.597786 -0.06453,0.332102 -0.225854,0.431734 -0.161324,0.132841 -0.483973,0.199262 -0.290383,0.03321 -0.677561,0.06642 -0.354913,0 -0.742091,0 -0.354914,-0.03321 -0.645297,-0.03321 l -7.87262,0 q -0.225854,0 -0.451707,0 -0.19359,0 -0.354914,0.06642 -0.258118,0.132842 -0.322649,0.265683 -0.06453,0.06642 -0.129058,0.265683 -0.06453,0.166051 -0.03226,0.332103 0.06453,0.199262 0.06453,0.398524 0.03226,0.166052 0.09679,0.365314 0.25812,0.797048 0.613033,1.328412 0.387178,0.498156 1.032475,0.896679 0.258118,0.166051 0.516236,0.232473 0.290384,0.03321 0.580767,0.13284 0.25812,0.06642 0.709827,0.09963 0.451707,0.03321 0.774356,-0.03321 l 0.290384,0 q 0.322648,-0.06642 0.580767,-0.132841 0.290383,-0.09963 0.548502,-0.199262 0.322648,-0.166052 0.709826,-0.431734 0.419443,-0.265682 0.613032,-0.531366 0.161324,-0.232472 0.322649,-0.431734 0.193589,-0.232472 0.451707,-0.332102 0.322649,-0.166052 0.806621,-0.132842 0.516237,0 0.93568,0 0.193589,0 0.387178,0 0.225854,-0.03321 0.387178,0.03321 l 0.322649,0 q 0.322648,0.06642 0.451707,0.166052 0.12906,0.06642 0.12906,0.298892 0.03226,0.232472 -0.03227,0.398524 -0.161323,0.464945 -0.354912,0.830258 -0.193589,0.365314 -0.451708,0.730628 -0.709826,1.095941 -1.613242,1.760147 -0.903416,0.664206 -2.258539,1.12915 -0.354912,0.132842 -0.709825,0.166052 -0.354914,0.03321 -0.742092,0.132842 -0.129059,0.03321 -0.290383,0 -0.129059,0 -0.258119,0.03321 l -0.354914,0 q -0.161323,0.06642 -0.387178,0.03321 -0.193589,0 -0.354912,-0.03321 -0.258119,-0.03321 -0.451708,0 -0.193589,0.03321 -0.419443,-0.03321 -0.161324,-0.06642 -0.354913,-0.06642 -0.193589,0 -0.354914,-0.06642 -0.354912,-0.06642 -0.709825,-0.166052 -0.354914,-0.06642 -0.645297,-0.232472 -0.354913,-0.13284 -0.677562,-0.232472 -0.290383,-0.132841 -0.548502,-0.298892 -1.032475,-0.664207 -1.839095,-1.527676 -0.806621,-0.896678 -1.322859,-2.059039 -0.161324,-0.365314 -0.258118,-0.730628 -0.09679,-0.398524 -0.25812,-0.797048 -0.03226,-0.13284 -0.03226,-0.232472 0,-0.132841 -0.03226,-0.265682 -0.12906,-0.398524 -0.161324,-0.863469 -0.03226,-0.464944 -0.06453,-0.929888 0,-0.166052 -0.03226,-0.365314 0,-0.199262 0.03226,-0.365314 l 0,-0.398524 0.09679,-0.797048 q 0.12906,-0.564575 0.225855,-1.09594 0.09679,-0.531365 0.290383,-0.99631 1.387388,-3.453873 4.710666,-4.881917 0.451708,-0.199262 0.903416,-0.265683 0.483972,-0.09963 1.000209,-0.232472 0.258119,-0.03321 0.483972,-0.03321 0.225855,0 0.483973,-0.03321 1.645506,-0.03321 2.807041,0.398524 1.193798,0.398524 2.129479,1.06273 0.290384,0.199262 0.580767,0.464944 0.290384,0.232472 0.516238,0.498155 0.09679,0.166052 0.258118,0.265683 0.258118,0.365313 0.483973,0.763837 0.225854,0.365314 0.483972,0.763838 0.161324,0.298892 0.258118,0.630996 0.12906,0.298892 0.25812,0.664206 0.161324,0.431734 0.258118,0.896679 0.09679,0.464944 0.225854,0.929889 0.06453,0.265683 0.03226,0.597785 0,0.298894 0.06453,0.564576 l 0,0.365314 z m -4.839726,-1.95941 q 0.225854,-0.332103 0.03226,-0.797047 -0.161324,-0.498155 -0.258118,-0.730627 -0.451709,-0.896679 -1.193799,-1.361623 -0.742091,-0.498156 -2.06495,-0.531366 -0.09679,0.06642 -0.225854,0.03321 -0.129059,-0.03321 -0.225853,0 -0.161325,0.06642 -0.354914,0.09963 -0.193589,0 -0.354913,0.06642 -1.419652,0.464944 -2.097214,1.826568 -0.06453,0.132841 -0.161324,0.365313 -0.06453,0.199262 -0.09679,0.431734 -0.03226,0.199262 0,0.398524 0.06453,0.199262 0.225854,0.332104 0.258119,0.166052 0.709827,0.166052 0.451707,0 0.87115,0 l 3.581397,0 q 0.451707,0 0.935679,0 0.516238,-0.03321 0.677562,-0.298894 z"
     style="font-style:normal;font-variant:normal;font-weight:bold;font-stretch:normal;font-size:medium;line-height:125%;font-family:'Alte Haas Grotesk';-inkscape-font-specification:'Alte Haas Grotesk Bold';letter-spacing:-0.47324705px;word-spacing:0px;fill:#ffffff;fill-opacity:1;stroke:none"
     id="path4287" />
  <path
     d="m 109.0336,36.309938 q 0.0646,0.365314 0.0646,0.730626 0.0322,0.365314 -0.32266,0.498156 -0.19358,0.09963 -0.4517,0.09963 -0.25812,0 -0.51624,0 l -1.74231,0 q -0.29037,0 -0.58076,0 -0.25811,-0.03321 -0.41945,-0.166052 -0.22584,-0.13284 -0.3549,-0.365312 -0.0968,-0.265684 -0.29039,-0.431734 -0.0646,-0.06642 -0.16132,-0.09963 -0.0968,-0.06642 -0.25812,-0.03321 -0.16132,0.06642 -0.32265,0.166052 -0.12906,0.09963 -0.29038,0.166051 -0.16133,0.132841 -0.35492,0.232473 -0.19358,0.09963 -0.38718,0.199262 -0.41944,0.199262 -0.87115,0.332102 -0.4517,0.09963 -0.93567,0.232472 -0.22586,0.06642 -0.45171,0.06642 -0.19359,0.03321 -0.419443,0.06642 -0.09679,0 -0.193594,0 -0.09679,0.03321 -0.193584,0.03321 l -0.354917,0 q -0.322647,0.06642 -0.645294,0 l -0.290386,0 q -0.225853,-0.06642 -0.451707,-0.06642 -0.193589,0.03321 -0.387178,-0.03321 -0.322649,-0.06642 -0.613032,-0.132842 -0.290384,-0.03321 -0.548502,-0.166052 -0.93568,-0.365313 -1.613242,-0.929888 -0.645297,-0.597786 -1.032475,-1.560886 -0.09679,-0.232472 -0.193589,-0.498155 -0.06453,-0.265682 -0.129059,-0.564575 -0.06453,-0.166051 -0.06453,-0.332103 0.03227,-0.166052 0,-0.332104 -0.03226,-0.09963 -0.06453,-0.398524 0,-0.332102 0.03226,-0.464944 0.06453,-0.332103 0.06453,-0.564576 0.09679,-0.365313 0.193589,-0.730626 0.09679,-0.398524 0.258118,-0.697417 0.548503,-0.9631 1.258328,-1.461254 0.709827,-0.498156 1.806832,-0.863468 0.419442,-0.166052 0.87115,-0.232473 0.451707,-0.06642 0.903414,-0.166051 0.258115,-0.06642 0.548501,-0.06642 0.290386,-0.03321 0.580762,-0.09963 0.225855,-0.06642 0.451708,-0.03321 0.22586,0 0.48397,-0.06642 0.22586,-0.06642 0.45171,-0.06642 0.22586,0 0.48398,-0.06642 0.67755,-0.166052 1.22606,-0.265683 0.58077,-0.132841 1.03248,-0.597786 0.29037,-0.298893 0.38718,-0.664206 0.0322,-0.09963 0,-0.166052 0,-0.06642 0.0322,-0.132842 0.0322,-0.06642 0.0322,-0.199261 0,-0.132841 0,-0.199262 -0.0322,-0.132841 -0.0646,-0.265683 0,-0.132841 -0.0322,-0.232472 -0.32265,-0.99631 -1.35512,-1.361624 -0.29039,-0.09963 -0.70983,-0.13284 -0.38718,-0.06642 -0.80662,-0.03322 -0.41944,0 -0.80662,0.06642 -0.38718,0.06642 -0.677564,0.166052 -0.193585,0.06642 -0.387178,0.199262 -0.161324,0.09963 -0.322647,0.232472 -0.161324,0.13284 -0.354917,0.365314 -0.161324,0.232472 -0.225847,0.431734 -0.161325,0.332102 -0.290384,0.630996 -0.09679,0.298892 -0.451708,0.398523 -0.258119,0.06642 -0.548502,0.06642 -0.290384,0 -0.580767,0 l -1.226064,0 q -0.161324,0 -0.322648,0.03321 -0.161325,0 -0.290383,-0.03321 l -0.290384,0 q -0.06453,-0.03321 -0.161325,-0.03321 -0.09679,0 -0.161324,-0.06642 -0.258118,-0.06642 -0.354912,-0.431734 -0.03227,-0.166051 0,-0.332103 0.03226,-0.166052 0.06453,-0.298894 0.09679,-0.365312 0.193589,-0.664206 0.12906,-0.332103 0.290383,-0.597786 0.09679,-0.166051 0.193589,-0.332103 0.09679,-0.166051 0.193589,-0.332103 0.258119,-0.365314 0.645297,-0.697417 0.06453,-0.03321 0.193589,-0.166052 0.161324,-0.132841 0.290383,-0.232472 0.12906,-0.09963 0.290385,-0.199262 0.548501,-0.365313 1.161534,-0.564575 0.613031,-0.232473 1.258336,-0.431735 0.387178,-0.09963 0.806616,-0.13284 0.419439,-0.03321 0.838883,-0.132842 0.12907,-0.03321 0.38718,0 0.29039,0.03321 0.35491,-0.03321 1.32287,-0.03321 2.51666,0.09963 1.22607,0.132842 2.19401,0.498156 1.00021,0.365313 1.71003,0.996309 0.70983,0.597786 1.09701,1.560886 0.22585,0.564575 0.25812,1.295202 0.0322,0.730627 0.0322,1.494464 l 0,7.405902 q 0,0.630996 0,1.295203 0,0.630996 0.12907,1.162362 0.0322,0.09963 0.0322,0.232472 0,0.09963 0.0322,0.199262 z m -4.74294,-5.11439 q 0.0322,-0.166052 0.0322,-0.365314 0,-0.232472 -0.0322,-0.398524 -0.0646,-0.199262 -0.0646,-0.365313 0,-0.166052 -0.12907,-0.265683 -0.16132,-0.132841 -0.48397,-0.132841 -0.12906,0.03321 -0.22585,0.06642 -0.0968,0 -0.22586,0.03321 -0.22585,0.06642 -0.48397,0.09963 -0.25812,0.03321 -0.51624,0.09963 -0.0968,0.03321 -0.29038,0.03321 -0.41944,0.09963 -0.83889,0.132841 -0.41944,0.03321 -0.80662,0.166052 -0.258112,0.06642 -0.483966,0.132841 -0.225855,0.03321 -0.45171,0.132841 -0.677564,0.298894 -1.161535,0.89668 -0.451707,0.597786 -0.322648,1.660516 0.06453,0.564575 0.354914,0.929888 0.225853,0.365314 0.67756,0.597786 0.451709,0.199262 0.96795,0.298893 0.548505,0.09963 1.129265,0.06642 0.61303,-0.06642 1.12927,-0.232473 0.83889,-0.265682 1.32286,-0.830257 0.48397,-0.597786 0.74208,-1.461254 0.0646,-0.232472 0.0646,-0.464946 0.0322,-0.265682 0.0968,-0.531364 l 0,-0.298894 z"
     style="font-style:normal;font-variant:normal;font-weight:bold;font-stretch:normal;font-size:medium;line-height:125%;font-family:'Alte Haas Grotesk';-inkscape-font-specification:'Alte Haas Grotesk Bold';letter-spacing:-0.47324705px;word-spacing:0px;fill:#ffffff;fill-opacity:1;stroke:none"
     id="path4289" />
  <path
     d="m 121.44097,20.07009 q 1.93589,-0.06642 3.22648,0.564575 1.2906,0.630996 2.03268,1.859778 0.22586,0.365314 0.35492,0.797048 0.12905,0.398524 0.25812,0.830258 0.0646,0.265682 0.0646,0.498155 0.0322,0.232472 0.0968,0.464945 0,0.199262 0.0322,0.265682 0.0646,0.464944 0.0646,0.963099 0,0.498155 0,0.9631 l 0,2.955718 0,5.380073 q 0,0.630996 -0.0322,1.228781 0,0.564576 -0.45171,0.730628 -0.19358,0.06642 -0.45171,0.06642 -0.25811,0 -0.51623,0 l -1.7423,0 q -0.38718,0 -0.70983,-0.03321 -0.29039,-0.06642 -0.45171,-0.298892 -0.12906,-0.199262 -0.16132,-0.498156 0,-0.332102 0,-0.697416 l 0,-2.324723 0,-4.948338 q 0,-1.228782 -0.0968,-2.258302 -0.0968,-1.06273 -0.58078,-1.793358 -0.45171,-0.664206 -1.32285,-0.929888 -0.16133,-0.06642 -0.35491,-0.06642 -0.16132,0 -0.35492,-0.06642 -0.16132,-0.03321 -0.41944,0 -0.22585,0 -0.35491,0.03321 -0.12907,0.03321 -0.22586,0.03321 -0.0968,0 -0.19358,0.03322 -0.7421,0.199262 -1.19381,0.531364 -1.03247,0.763838 -1.22606,2.225092 -0.19359,1.461255 -0.19359,3.287822 l 0,4.15129 0,2.02583 q 0,0.298893 0,0.597785 0,0.298894 -0.0968,0.498156 -0.16132,0.365314 -0.51624,0.431734 -0.35492,0.06642 -0.87115,0.06642 l -1.61324,0 q -0.35492,0 -0.70983,-0.03321 -0.35491,-0.03321 -0.51624,-0.232472 -0.22585,-0.298893 -0.22585,-0.863468 0.0322,-0.564576 0.0322,-1.062731 l 0,-4.516604 0,-7.30627 0,-1.693727 q 0,-0.365314 0,-0.664206 0.0322,-0.298894 0.19358,-0.498156 0.0646,-0.09963 0.1936,-0.13284 0.16132,-0.06642 0.32264,-0.09963 l 0.16133,0 q 0.16132,-0.03321 0.32264,-0.03321 0.19359,0 0.35492,0 l 1.35512,0 q 0.25812,0 0.48397,0.03321 0.25813,0 0.45171,0.06642 0.22585,0.09963 0.29039,0.298893 0.0968,0.199262 0.16132,0.464944 0.0322,0.132842 0,0.232473 0,0.09963 0.0646,0.199261 0.0646,0.166052 0.0968,0.199262 0.0646,0.03321 0.16133,0.09963 0.35491,0.03321 0.58077,-0.232472 0.22585,-0.298893 0.48397,-0.464944 0.87115,-0.664207 1.93589,-1.062731 0.29038,-0.09963 0.58076,-0.132841 0.32266,-0.03321 0.67756,-0.09963 0.0968,-0.03321 0.29039,0 0.19358,0 0.25811,-0.03321 z"
     style="font-style:normal;font-variant:normal;font-weight:bold;font-stretch:normal;font-size:medium;line-height:125%;font-family:'Alte Haas Grotesk';-inkscape-font-specification:'Alte Haas Grotesk Bold';letter-spacing:-0.47324705px;word-spacing:0px;fill:#ffffff;fill-opacity:1;stroke:none"
     id="path4291" />
  <path
     id="path7644"
     style="font-style:normal;font-variant:normal;font-weight:normal;font-stretch:normal;font-size:medium;line-height:125%;font-family:'Alte Haas Grotesk';-inkscape-font-specification:'Alte Haas Grotesk';letter-spacing:0px;word-spacing:0px;fill:#ffffff;fill-opacity:1;stroke:none;stroke-width:1px;stroke-linecap:butt;stroke-linejoin:miter;stroke-opacity:1"
     d="m 225.52867,29.29358 q 0.014,0.0722 0.014,0.2166 0,0.12996 -0.014,0.20216 l 0,0.17328 q -0.029,0.14439 -0.029,0.30323 0,0.1444 -0.029,0.27436 -0.029,0.11552 -0.043,0.2166 -0.014,0.10107 -0.029,0.21659 -0.072,0.24548 -0.1299,0.47652 -0.058,0.23103 -0.1444,0.44763 -0.4332,1.05411 -1.1408,1.76166 -0.6931,0.70755 -1.8194,1.08299 -0.1588,0.0433 -0.3177,0.0722 -0.1588,0.0289 -0.3177,0.0722 -0.072,0.0144 -0.1299,0.0144 -0.058,0 -0.1155,0.0144 l -0.4765,0.0433 q -0.043,0.0144 -0.2022,0 -0.1444,0 -0.1877,-0.0144 -0.072,-0.0144 -0.1444,-0.0144 -0.058,0.0144 -0.1155,0 l -0.1589,0 q -0.1011,-0.0289 -0.2021,-0.0433 -0.087,0 -0.1877,-0.0144 -0.1444,-0.0433 -0.2888,-0.0722 -0.13,-0.0144 -0.2744,-0.0578 -0.1444,-0.0578 -0.2888,-0.11552 -0.1444,-0.0578 -0.2888,-0.11552 -0.8808,-0.38988 -1.4584,-1.06855 -0.5632,-0.69311 -0.9386,-1.60282 -0.087,-0.20216 -0.13,-0.41875 -0.043,-0.2166 -0.1155,-0.44764 -0.029,-0.0578 -0.029,-0.10108 0.014,-0.0433 -0.014,-0.11551 -0.029,-0.10108 -0.029,-0.2166 0,-0.11552 -0.029,-0.23104 -0.029,-0.0578 -0.029,-0.11552 0.014,-0.0578 0,-0.10108 l 0,-0.30323 q -0.029,-0.0722 -0.029,-0.20216 0,-0.12996 0.029,-0.20216 l 0,-0.18772 0.043,-0.51983 q 0.029,-0.0866 0.029,-0.17328 0,-0.0866 0.029,-0.17327 0.058,-0.23104 0.1011,-0.44764 0.043,-0.23104 0.13,-0.43319 0.1155,-0.27436 0.2166,-0.53428 0.1011,-0.25991 0.2599,-0.49095 0.4043,-0.64979 0.953,-1.12631 0.5487,-0.47651 1.2996,-0.77975 0.1588,-0.0722 0.3321,-0.11552 0.1877,-0.0433 0.3755,-0.10108 0.087,-0.0289 0.1732,-0.0289 0.1011,0 0.1877,-0.0289 0.1156,-0.0144 0.2166,-0.0144 0.1156,-0.0144 0.2311,-0.0289 0.029,-0.0144 0.072,0 0.043,0.0144 0.072,0 0.9675,-0.0289 1.6894,0.20215 0.722,0.2166 1.2707,0.60648 0.2166,0.14439 0.4188,0.30323 0.2022,0.15884 0.361,0.361 0.043,0.0722 0.1011,0.11552 0.058,0.0433 0.1011,0.11552 0.087,0.11551 0.1732,0.24547 0.087,0.11552 0.1589,0.23104 0.029,0.0722 0.058,0.12996 0.029,0.0433 0.072,0.11552 0.058,0.0866 0.1011,0.17327 0.1155,0.25992 0.231,0.54872 0.029,0.0866 0.043,0.17328 0.029,0.0722 0.058,0.15883 0.043,0.1444 0.072,0.30324 0.043,0.1444 0.087,0.30324 0.029,0.0722 0.029,0.14439 0,0.0722 0.014,0.1444 0.029,0.10108 0.029,0.20216 0,0.10108 0.029,0.2166 l 0,0.0866 q 0.014,0.0722 0,0.14439 -0.014,0.0722 0.014,0.1444 z m -1.3574,0.46208 q 0.029,-0.0722 0.029,-0.24548 0,-0.18772 -0.029,-0.25992 l 0,-0.11552 q 0,-0.0722 -0.014,-0.12995 0,-0.0578 0,-0.12996 -0.029,-0.0722 -0.029,-0.12996 0.014,-0.0722 -0.014,-0.1444 -0.029,-0.12996 -0.058,-0.25992 -0.014,-0.12995 -0.043,-0.24547 -0.072,-0.20216 -0.13,-0.37544 -0.043,-0.18772 -0.1155,-0.36099 -0.2455,-0.59204 -0.6787,-1.06855 -0.4187,-0.47651 -0.9963,-0.73643 -0.3177,-0.1444 -0.7509,-0.23104 -0.2021,-0.0578 -0.462,-0.0578 -0.2455,-0.0144 -0.491,-0.0144 -0.1011,0.0144 -0.2022,0.0289 -0.087,0 -0.2021,0.0144 -0.2166,0.0578 -0.4188,0.11552 -0.1877,0.0433 -0.3754,0.11552 -0.7798,0.33211 -1.2274,0.95303 -0.4476,0.62091 -0.722,1.45842 -0.058,0.15884 -0.087,0.33212 -0.014,0.15883 -0.058,0.33211 -0.014,0.0722 -0.014,0.1444 0,0.0578 -0.014,0.12996 -0.029,0.0578 -0.029,0.12996 0.014,0.0578 0,0.11551 l 0,0.12996 q -0.014,0.0722 -0.014,0.25992 0,0.18772 0.014,0.25992 0,0.0578 0,0.11552 0.014,0.0433 0.014,0.10107 0.029,0.11552 0.029,0.25992 0.014,0.12996 0.043,0.24548 0.014,0.0578 0,0.11552 0,0.0433 0.029,0.10108 0.043,0.15883 0.072,0.31767 0.029,0.15884 0.1011,0.31768 0.072,0.15884 0.1155,0.31767 0.058,0.1444 0.1444,0.2888 0.072,0.11552 0.1299,0.23104 0.072,0.10108 0.1444,0.21659 0.4477,0.63536 1.1697,0.99635 0.2021,0.11552 0.4043,0.17328 0.2166,0.0578 0.462,0.12996 0.1011,0.0289 0.1878,0.0289 0.087,-0.0144 0.1877,0.0144 0.087,0.0289 0.1877,0.0289 0.1155,-0.0144 0.231,-0.0144 l 0.1444,0 q 0.072,-0.0144 0.1444,-0.0144 0.072,-0.0144 0.1444,-0.0144 0.2022,-0.0433 0.3755,-0.0722 0.1877,-0.0289 0.3465,-0.10108 0.7365,-0.30324 1.1985,-0.79419 0.4765,-0.49095 0.7798,-1.22738 0.072,-0.18772 0.1155,-0.38988 0.058,-0.20216 0.1155,-0.40432 0.029,-0.0866 0.029,-0.17327 0.014,-0.10108 0.043,-0.20216 l 0.043,-0.47651 0,-0.12996 z m -9.7179,4.51966 q 0.072,0.18772 -0.058,0.2888 -0.072,0.0433 -0.1877,0.0578 -0.1011,0 -0.2166,0 -0.231,0 -0.4621,0 -0.231,0 -0.361,-0.10108 -0.1155,-0.0722 -0.1588,-0.2166 -0.029,-0.15884 -0.058,-0.31767 -0.014,-0.0578 -0.014,-0.10108 0,-0.0578 0,-0.10108 -0.029,-0.0722 -0.014,-0.12996 0.014,-0.0578 0,-0.11552 -0.014,-0.0866 -0.014,-0.17328 0,-0.0866 0,-0.17328 l -0.043,-0.64979 q -0.029,-0.10108 -0.029,-0.20215 0,-0.10108 -0.029,-0.2166 -0.072,-0.25992 -0.1155,-0.51984 -0.029,-0.25991 -0.1299,-0.49095 -0.2744,-0.60647 -0.9098,-0.80863 -0.1877,-0.0722 -0.4187,-0.0722 -0.2166,-0.0144 -0.4621,-0.0144 l -2.6569,0 q -0.1011,0.0289 -0.1877,0.0578 -0.072,0.0144 -0.13,0.0866 -0.1011,0.1444 -0.1011,0.47651 0.014,0.31768 0.014,0.56316 l 0,2.09377 q 0,0.20216 0.014,0.50539 0.014,0.2888 -0.058,0.4332 -0.029,0.10108 -0.1156,0.12996 -0.058,0.0289 -0.1155,0.0289 -0.043,0 -0.1155,0.0289 -0.058,0.0144 -0.13,0.0144 -0.072,-0.0144 -0.1444,-0.0144 -0.1588,0 -0.3176,0 -0.1444,-0.0144 -0.2455,-0.0866 -0.1155,-0.0722 -0.1155,-0.25992 0,-0.20216 0,-0.38987 l 0,-8.77942 q 0,-0.15883 -0.014,-0.33211 0,-0.17328 0.072,-0.27436 0.058,-0.0866 0.2166,-0.1444 0.029,-0.0144 0.058,0 0.029,0 0.058,-0.0144 l 4.1876,0 q 0.1011,0 0.2166,0 0.1155,-0.0144 0.2021,0 l 0.1589,0 q 0.087,0.0144 0.1733,0.0289 0.087,0 0.1877,0.0144 0.1155,0.0289 0.231,0.0433 0.13,0.0144 0.2455,0.0433 0.2744,0.0866 0.5054,0.18772 0.231,0.10108 0.4332,0.24548 0.361,0.24547 0.5776,0.60647 0.231,0.34655 0.3754,0.82307 0.029,0.11552 0.029,0.24548 0.014,0.11551 0.043,0.23103 l 0,0.1444 q 0.015,0.0722 0,0.17328 0,0.0866 -0.014,0.15884 l 0,0.15884 q -0.029,0.11551 -0.043,0.21659 0,0.10108 -0.029,0.20216 -0.072,0.2166 -0.1444,0.41875 -0.058,0.18772 -0.1733,0.361 -0.043,0.0722 -0.1011,0.12996 -0.043,0.0578 -0.087,0.12996 -0.014,0.0144 -0.029,0.0289 -0.014,0 -0.029,0.0144 -0.029,0.0289 -0.072,0.0722 -0.029,0.0433 -0.058,0.0722 -0.1156,0.0866 -0.2166,0.17327 -0.1011,0.0722 -0.2166,0.1444 -0.072,0.0433 -0.13,0.10108 -0.058,0.0433 -0.072,0.12996 -0.014,0.0866 0.058,0.1444 0.087,0.0578 0.1444,0.0866 0.1588,0.10107 0.2888,0.21659 0.1444,0.11552 0.2454,0.27436 0.1589,0.20216 0.2311,0.46207 0.072,0.24548 0.1444,0.53428 0.014,0.11552 0.029,0.23103 0.014,0.10108 0.029,0.2166 0.029,0.10108 0.014,0.20216 -0.014,0.10108 0.014,0.20216 l 0,0.12996 q 0.029,0.10107 0.014,0.21659 -0.014,0.11552 0.014,0.23104 0.014,0.0578 0,0.11552 0,0.0433 0.014,0.11552 0.029,0.1444 0.043,0.30323 0.014,0.1444 0.058,0.27436 0.029,0.0866 0.029,0.17328 0.014,0.0722 0.043,0.15884 l 0.13,0.34655 z m -1.7472,-5.99253 q 0.101,-0.15883 0.1444,-0.33211 0.058,-0.17328 0.101,-0.37544 l 0,-0.12995 q 0.043,-0.20216 0.014,-0.4332 -0.029,-0.24548 -0.087,-0.40431 -0.231,-0.722 -0.9097,-0.99635 -0.2888,-0.11552 -0.6787,-0.12996 -0.3754,-0.0144 -0.7797,-0.0144 l -2.3826,0 q -0.029,0.0144 -0.072,0.0144 -0.029,0 -0.072,0.0144 -0.1732,0.0433 -0.231,0.18772 -0.058,0.12996 -0.058,0.36099 0.014,0.23104 0.014,0.41876 l 0,1.66058 q 0,0.21659 -0.014,0.46207 0,0.23104 0.1011,0.361 0.072,0.10108 0.2166,0.12996 0.1444,0.0144 0.3177,0.0144 l 0.8953,0 q 0.5631,0 1.0974,0.0144 0.5343,0 0.9819,-0.0577 0.4621,-0.0722 0.8231,-0.24548 0.361,-0.17328 0.5776,-0.51984 z m -8.0576,-1.1985 q 0.029,0.11552 0.029,0.31768 0,0.18771 -0.029,0.28879 -0.029,0.10108 -0.014,0.18772 0.014,0.0866 -0.014,0.18772 -0.029,0.0866 -0.043,0.18772 -0.014,0.0866 -0.043,0.17327 -0.029,0.11552 -0.072,0.2166 -0.029,0.10108 -0.072,0.20216 -0.029,0.0433 -0.043,0.0866 0,0.0289 -0.029,0.0578 -0.1589,0.28879 -0.3466,0.51983 -0.029,0.0578 -0.1011,0.11552 -0.058,0.0578 -0.101,0.0866 -0.058,0.0289 -0.1011,0.0866 -0.043,0.0433 -0.087,0.0722 l -0.3032,0.17327 q -0.1588,0.11552 -0.3754,0.17328 -0.2166,0.0578 -0.4332,0.11552 -0.1155,0.0289 -0.2311,0.0433 -0.1155,0 -0.231,0.0289 -0.058,0.0144 -0.1155,0.0144 -0.043,-0.0144 -0.087,0 -0.072,0.0144 -0.1444,0 -0.058,-0.0144 -0.1299,0 l -2.1804,0 q -0.2166,0 -0.4765,0 -0.2455,-0.0144 -0.3755,0.0866 -0.1588,0.11552 -0.1588,0.41875 0.014,0.30324 0.014,0.56316 l 0,2.12265 q 0,0.18772 0,0.47651 0.014,0.27436 -0.058,0.38988 -0.058,0.0866 -0.1444,0.11552 -0.072,0.0144 -0.1878,0.0433 l -0.2599,0 q -0.2166,0 -0.3898,-0.0144 -0.1733,-0.0144 -0.2455,-0.1444 -0.058,-0.0866 -0.058,-0.23104 0,-0.15884 0,-0.30323 l 0,-8.76498 q 0,-0.15884 -0.014,-0.34655 0,-0.20216 0.072,-0.31768 0.058,-0.0866 0.2166,-0.1444 0.029,-0.0144 0.058,0 0.029,0 0.058,-0.0144 l 3.2778,0 q 0.5487,0 1.0686,0.0144 0.5343,0 0.953,0.12996 0.6498,0.2166 1.0541,0.56315 0.4043,0.34656 0.6642,0.95303 0.072,0.15884 0.1011,0.33212 0.043,0.17328 0.1011,0.36099 0.029,0.10108 0.014,0.18772 -0.014,0.0866 0.014,0.18772 z m -1.3574,0.51983 q 0.058,-0.20215 0.014,-0.46207 -0.043,-0.27436 -0.087,-0.4332 -0.1444,-0.40431 -0.3898,-0.63535 -0.2311,-0.24547 -0.6065,-0.40431 -0.3177,-0.12996 -0.7364,-0.15884 -0.4044,-0.0289 -0.852,-0.0289 l -1.8627,0 q -0.029,0.0144 -0.072,0.0144 -0.029,0 -0.072,0.0144 -0.1733,0.0433 -0.2311,0.18772 -0.058,0.14439 -0.058,0.38987 0.014,0.23104 0.014,0.4332 l 0,1.73278 q 0,0.21659 -0.014,0.47651 0,0.25992 0.087,0.40431 0.072,0.11552 0.2166,0.1444 0.1589,0.0144 0.3466,0.0144 l 1.9493,0 q 0.2166,0 0.4477,0 0.231,-0.0144 0.4043,-0.0578 0.3899,-0.10108 0.6787,-0.23103 0.3032,-0.1444 0.5054,-0.4332 0.1155,-0.17328 0.1732,-0.36099 0.072,-0.18772 0.13,-0.41876 0.014,-0.0578 0.014,-0.18772 z m -9.9699,-7.23911 0,4.5997 0,4.3808 0,4.3809 c 0,2.548 2.0515,4.5996 4.5996,4.5996 l 13.1152,0 13.1152,0 4.5997,0 0,-4.5996 0,-4.3809 0,-4.3808 c 0,-2.5481 -2.0516,-4.5997 -4.5997,-4.5997 l -13.1152,0 -13.1152,0 -4.5996,0 z" />
  <path
     d="m 193.64442,17.341051 0,-4.010543 -1.43234,0 0,-0.816597 3.83603,0 0,0.816597 -1.42905,0 0,4.010543 -0.97464,0 z"
     style="font-style:normal;font-variant:normal;font-weight:bold;font-stretch:normal;font-size:medium;line-height:125%;font-family:Arial;-inkscape-font-specification:'Arial Bold';letter-spacing:0px;word-spacing:0px;fill:#ffffff;fill-opacity:1;stroke:none;stroke-width:1px;stroke-linecap:butt;stroke-linejoin:miter;stroke-opacity:1"
     id="path4278" />
  <path
     d="m 196.66385,17.341051 0,-4.82714 1.45868,0 0.87586,3.292729 0.86599,-3.292729 1.46197,0 0,4.82714 -0.9055,0 0,-3.799809 -0.95818,3.799809 -0.93843,0 -0.95489,-3.799809 0,3.799809 -0.9055,0 z"
     style="font-style:normal;font-variant:normal;font-weight:bold;font-stretch:normal;font-size:medium;line-height:125%;font-family:Arial;-inkscape-font-specification:'Arial Bold';letter-spacing:0px;word-spacing:0px;fill:#ffffff;fill-opacity:1;stroke:none;stroke-width:1px;stroke-linecap:butt;stroke-linejoin:miter;stroke-opacity:1"
     id="path4280" />
</svg>
