<?xml version="1.0" encoding="UTF-8" standalone="no"?>
<svg
   xmlns:dc="http://purl.org/dc/elements/1.1/"
   xmlns:cc="http://creativecommons.org/ns#"
   xmlns:rdf="http://www.w3.org/1999/02/22-rdf-syntax-ns#"
   xmlns:svg="http://www.w3.org/2000/svg"
   xmlns="http://www.w3.org/2000/svg"
   version="1.1"
   id="svg8534"
   height="56.481434"
   width="202.01274">
  <defs
     id="defs3" />
  <metadata
     id="metadata4">
    <rdf:RDF>
      <cc:Work
         rdf:about="">
        <dc:format>image/svg+xml</dc:format>
        <dc:type
           rdf:resource="http://purl.org/dc/dcmitype/StillImage" />
        <dc:title></dc:title>
      </cc:Work>
    </rdf:RDF>
  </metadata>
  <path
     id="path4216"
     style="font-style:normal;font-variant:normal;font-weight:normal;font-stretch:normal;font-size:medium;line-height:125%;font-family:'Alte Haas Grotesk';-inkscape-font-specification:'Alte Haas Grotesk';letter-spacing:-0.47324705px;word-spacing:0px;fill:#ffffff;fill-opacity:1;stroke:none"
     d="m 136.5484,13.760747 q 0.58077,-0.03321 1.22606,0 0.6453,0.03322 0.90342,0.398524 0.12906,0.199261 0.16133,0.498155 0.0322,0.265682 0.0322,0.597786 0,0.431734 -0.16133,0.697416 -0.12906,0.166052 -0.38717,0.232472 -0.22586,0.03322 -0.51624,0.03322 -0.29038,0 -0.61303,0 -0.29038,-0.03322 -0.51624,0 -0.90342,0.265683 -1.19379,0.863469 -0.25813,0.564575 -0.25813,1.726936 0,0.232473 -0.0322,0.498155 -0.0322,0.232472 0.0322,0.431734 0.0968,0.498155 0.41945,0.697417 0.25812,0.09963 0.64529,0.09963 0.41944,0 0.77436,0 l 0.48397,0 q 0.0968,0.06642 0.19359,0.03321 0.0968,-0.03321 0.19359,0.03321 0.32264,0.09963 0.41945,0.398524 0.0968,0.265683 0.0968,0.697417 -0.0322,0.132842 -0.0322,0.265683 0,0.132841 0,0.265682 -0.0968,0.498155 -0.41944,0.664207 -0.41944,0.166052 -1.097,0.09963 -0.64531,-0.09963 -1.09701,0.03321 -0.25812,0.06642 -0.38718,0.265684 -0.12906,0.166052 -0.19359,0.464944 -0.0646,0.232472 -0.0322,0.531366 0.0322,0.298892 0.0322,0.564575 l 0,2.191881 0,7.040588 0,1.660517 q 0,0.199262 0,0.431734 0.0322,0.232472 -0.0322,0.398524 l 0,0.265682 q -0.0322,0.132842 -0.0646,0.265683 -0.0322,0.132841 -0.0968,0.232472 -0.16133,0.232473 -0.48398,0.265683 -0.32265,0.03321 -0.70983,0.03321 l -0.61303,0 q -0.16132,-0.06642 -0.32265,-0.09963 -0.12905,-0.06642 -0.22585,-0.232473 -0.0646,-0.09963 -0.12905,-0.431734 l 0,-0.232472 q -0.0646,-0.166052 -0.0646,-0.332102 0.0322,-0.199262 0.0322,-0.365314 l 0,-1.328413 0,-9.066419 q 0,-0.365313 0,-0.763837 0.0322,-0.398524 0,-0.730627 0,-0.365313 -0.12906,-0.630997 -0.0968,-0.265682 -0.35491,-0.365312 -0.1936,-0.09963 -0.45171,-0.09963 -0.22586,0 -0.48397,0 -0.25812,0 -0.51624,0 -0.22586,0 -0.41944,-0.06642 -0.29039,-0.132842 -0.41945,-0.564576 -0.0322,-0.166052 -0.0322,-0.298892 0,-0.132842 0,-0.298894 0,-0.464944 0.0968,-0.730627 0.0968,-0.298893 0.41945,-0.398524 0.22585,-0.09963 0.51623,-0.06642 0.32265,0 0.61303,0 0.32265,0 0.5485,-0.06642 0.25813,-0.06642 0.41945,-0.265683 0.22586,-0.265682 0.19359,-0.830258 0,-0.564576 0,-1.06273 0,-0.664206 0.0646,-1.228782 0.0968,-0.597786 0.29038,-1.06273 0.35491,-0.797048 0.93568,-1.295203 0.61303,-0.498154 1.45192,-0.763838 0.19359,-0.06642 0.38718,-0.06642 0.22585,-0.03321 0.4517,-0.09963 0.0646,-0.03322 0.22585,0 0.16133,0 0.22586,-0.03322 z" />
  <path
     id="path4218"
     style="font-style:normal;font-variant:normal;font-weight:normal;font-stretch:normal;font-size:medium;line-height:125%;font-family:'Alte Haas Grotesk';-inkscape-font-specification:'Alte Haas Grotesk';letter-spacing:-0.47324705px;word-spacing:0px;fill:#ffffff;fill-opacity:1;stroke:none"
     d="m 154.89202,28.439709 q 0.0646,0.332104 0,0.763838 -0.0322,0.398524 -0.1936,0.564576 -0.16132,0.132841 -0.48397,0.199262 -0.29038,0.03321 -0.67756,0.03321 -0.38718,0 -0.77436,0 -0.38717,-0.03321 -0.67756,-0.03321 l -8.25979,0 q -0.25813,0 -0.51624,0.03321 -0.25812,0 -0.41944,0.09963 -0.12906,0.06642 -0.25813,0.265682 -0.0646,0.09963 -0.12905,0.298893 -0.0646,0.166052 0,0.332103 0.0322,0.166052 0.0322,0.298894 0,0.13284 0.0322,0.265682 0.0646,0.265682 0.12906,0.564576 0.0646,0.265682 0.19359,0.531364 0.74209,1.793358 2.45212,2.557195 0.1936,0.09963 0.41945,0.166052 0.22585,0.06642 0.45171,0.132842 0.0968,0.03321 0.32265,0.03321 0.45171,0.132841 1.19379,0.132841 0.7421,0 1.19381,-0.132841 0.4517,-0.132842 0.80661,-0.265683 0.38718,-0.166051 0.70983,-0.398524 0.35491,-0.232472 0.61303,-0.531365 0.25812,-0.332103 0.45171,-0.697417 0.19358,-0.332103 0.32265,-0.697416 0.16132,-0.365314 0.51624,-0.531366 0.12905,-0.06642 0.41944,-0.09963 0.29038,-0.03321 0.58077,0 0.29037,0 0.5485,0.03321 0.25811,0.03321 0.35491,0.132841 0.32264,0.232473 0.16132,0.763837 -0.25812,0.896679 -0.67755,1.594096 -0.64531,1.062731 -1.4842,1.760147 -0.80661,0.664206 -2.06494,1.09594 -0.32264,0.132842 -0.6453,0.166052 -0.32265,0.06642 -0.67756,0.132842 -0.16132,0.03321 -0.32264,0.03321 -0.12907,0 -0.29039,0.03321 l -0.32265,0 q -0.16132,0.03321 -0.38717,0.03321 -0.1936,0 -0.32266,-0.03321 l -0.29038,0 q -0.16132,-0.03321 -0.29038,-0.03321 -0.12906,0 -0.25812,-0.03321 -0.16132,-0.03321 -0.35491,-0.06642 -0.19359,0 -0.35492,-0.03322 -0.29038,-0.06642 -0.58076,-0.166051 -0.29039,-0.06642 -0.54851,-0.166052 -0.12906,-0.06642 -0.22585,-0.06642 -0.0968,-0.03321 -0.22585,-0.09963 -0.48397,-0.232472 -1.03248,-0.564576 -0.93568,-0.630996 -1.61324,-1.527674 -0.64529,-0.92989 -1.097,-2.059041 -0.16133,-0.365313 -0.25813,-0.763837 -0.0646,-0.398524 -0.19358,-0.797047 -0.0322,-0.132842 -0.0322,-0.232474 0,-0.09963 -0.0322,-0.265682 -0.0646,-0.265682 -0.0968,-0.564576 -0.0322,-0.298892 -0.0968,-0.597785 l 0,-0.464945 q -0.0322,-0.132841 -0.0646,-0.365313 0,-0.265683 0.0322,-0.431734 l 0,-0.365314 q 0.0646,-0.166052 0.0322,-0.332103 0,-0.199262 0.0322,-0.365313 0.12907,-0.531366 0.1936,-1.062731 0.0968,-0.531365 0.29037,-0.996309 0.16133,-0.365314 0.29039,-0.730628 0.16132,-0.398524 0.35492,-0.763837 0.70982,-1.162362 1.61323,-1.99262 0.90342,-0.863468 2.22628,-1.428043 0.38718,-0.166052 0.77435,-0.232473 0.41945,-0.09963 0.87115,-0.199262 0.16133,-0.03321 0.29039,-0.03321 0.12906,-0.03321 0.29038,-0.03321 0.0646,-0.03321 0.16133,0 0.0968,0.03321 0.16132,-0.03321 1.35513,-0.03321 2.35533,0.298894 1.00021,0.298892 1.80684,0.830258 0.16132,0.06642 0.25811,0.199261 0.0968,0.09963 0.22586,0.166052 0.25811,0.199262 0.51624,0.464944 0.29037,0.265683 0.48397,0.531366 0.51624,0.697416 0.87115,1.328412 0.22585,0.365314 0.35491,0.797048 0.12906,0.431735 0.29039,0.863469 0.16132,0.431734 0.22584,0.896678 0.0968,0.464945 0.22586,0.92989 0.0322,0.232472 0.0322,0.464944 0.0322,0.232472 0.0646,0.464944 z m -3.1297,-1.12915 q 0.0968,-0.132842 0.16133,-0.332104 0.0646,-0.232472 0,-0.464944 -0.19359,-0.730627 -0.5485,-1.361623 -0.45171,-0.763838 -1.00022,-1.295202 -0.5485,-0.531366 -1.41964,-0.89668 -0.22586,-0.06642 -0.45171,-0.09963 -0.22586,-0.06642 -0.48397,-0.132842 -0.25812,-0.06642 -0.54851,-0.06642 -0.29038,0 -0.5485,0 -0.0968,0.06642 -0.22585,0.06642 -0.12906,-0.03321 -0.22586,0 -0.25811,0.06642 -0.51624,0.132842 -0.22585,0.03321 -0.45171,0.09963 -0.93568,0.398524 -1.51644,0.99631 -0.5485,0.597786 -1.00021,1.494465 -0.0968,0.166051 -0.19359,0.431734 -0.0968,0.232472 -0.16133,0.531365 -0.0646,0.298893 -0.0322,0.564575 0.0322,0.265683 0.22586,0.398524 0.25811,0.199262 0.87115,0.199262 0.64529,-0.03321 1.097,-0.03321 l 4.90426,0 q 0.48397,0 1.16153,0.03321 0.67756,0 0.90341,-0.265682 z" />
  <path
     id="path4220"
     style="font-style:normal;font-variant:normal;font-weight:normal;font-stretch:normal;font-size:medium;line-height:125%;font-family:'Alte Haas Grotesk';-inkscape-font-specification:'Alte Haas Grotesk';letter-spacing:-0.47324705px;word-spacing:0px;fill:#ffffff;fill-opacity:1;stroke:none"
     d="m 171.75136,28.439709 q 0.0646,0.332104 0,0.763838 -0.0322,0.398524 -0.1936,0.564576 -0.16132,0.132841 -0.48397,0.199262 -0.29038,0.03321 -0.67756,0.03321 -0.38717,0 -0.77435,0 -0.38717,-0.03321 -0.67756,-0.03321 l -8.2598,0 q -0.25812,0 -0.51624,0.03321 -0.25812,0 -0.41944,0.09963 -0.12906,0.06642 -0.25812,0.265682 -0.0646,0.09963 -0.12906,0.298893 -0.0646,0.166052 0,0.332103 0.0322,0.166052 0.0322,0.298894 0,0.13284 0.0322,0.265682 0.0646,0.265682 0.12907,0.564576 0.0646,0.265682 0.19358,0.531364 0.7421,1.793358 2.45213,2.557195 0.19359,0.09963 0.41944,0.166052 0.22586,0.06642 0.45171,0.132842 0.0968,0.03321 0.32265,0.03321 0.45171,0.132841 1.1938,0.132841 0.74209,0 1.1938,-0.132841 0.45171,-0.132842 0.80661,-0.265683 0.38718,-0.166051 0.70984,-0.398524 0.3549,-0.232472 0.61302,-0.531365 0.25813,-0.332103 0.45171,-0.697417 0.19359,-0.332103 0.32265,-0.697416 0.16133,-0.365314 0.51624,-0.531366 0.12906,-0.06642 0.41945,-0.09963 0.29037,-0.03321 0.58076,0 0.29038,0 0.5485,0.03321 0.25811,0.03321 0.35492,0.132841 0.32264,0.232473 0.16132,0.763837 -0.25813,0.896679 -0.67756,1.594096 -0.6453,1.062731 -1.48418,1.760147 -0.80663,0.664206 -2.06496,1.09594 -0.32264,0.132842 -0.64529,0.166052 -0.32265,0.06642 -0.67757,0.132842 -0.16132,0.03321 -0.32264,0.03321 -0.12906,0 -0.29039,0.03321 l -0.32264,0 q -0.16133,0.03321 -0.38718,0.03321 -0.19359,0 -0.32265,-0.03321 l -0.29039,0 q -0.16132,-0.03321 -0.29038,-0.03321 -0.12905,0 -0.25812,-0.03321 -0.16132,-0.03321 -0.35491,-0.06642 -0.19359,0 -0.35491,-0.03322 -0.29039,-0.06642 -0.58077,-0.166051 -0.29038,-0.06642 -0.5485,-0.166052 -0.12906,-0.06642 -0.22586,-0.06642 -0.0968,-0.03321 -0.22585,-0.09963 -0.48397,-0.232472 -1.03248,-0.564576 -0.93567,-0.630996 -1.61324,-1.527674 -0.64529,-0.92989 -1.097,-2.059041 -0.16133,-0.365313 -0.25812,-0.763837 -0.0646,-0.398524 -0.19359,-0.797047 -0.0322,-0.132842 -0.0322,-0.232474 0,-0.09963 -0.0322,-0.265682 -0.0646,-0.265682 -0.0968,-0.564576 -0.0322,-0.298892 -0.0968,-0.597785 l 0,-0.464945 q -0.0322,-0.132841 -0.0646,-0.365313 0,-0.265683 0.0322,-0.431734 l 0,-0.365314 q 0.0646,-0.166052 0.0322,-0.332103 0,-0.199262 0.0322,-0.365313 0.12906,-0.531366 0.19359,-1.062731 0.0968,-0.531365 0.29039,-0.996309 0.16132,-0.365314 0.29037,-0.730628 0.16132,-0.398524 0.35492,-0.763837 0.70982,-1.162362 1.61324,-1.99262 0.90341,-0.863468 2.22628,-1.428043 0.38718,-0.166052 0.77435,-0.232473 0.41944,-0.09963 0.87115,-0.199262 0.16133,-0.03321 0.29039,-0.03321 0.12905,-0.03321 0.29037,-0.03321 0.0646,-0.03321 0.16133,0 0.0968,0.03321 0.16132,-0.03321 1.35513,-0.03321 2.35534,0.298894 1.00021,0.298892 1.80683,0.830258 0.16132,0.06642 0.25812,0.199261 0.0968,0.09963 0.22585,0.166052 0.25812,0.199262 0.51624,0.464944 0.29038,0.265683 0.48397,0.531366 0.51624,0.697416 0.87116,1.328412 0.22584,0.365314 0.3549,0.797048 0.12907,0.431735 0.29039,0.863469 0.16132,0.431734 0.22585,0.896678 0.0968,0.464945 0.22586,0.92989 0.0322,0.232472 0.0322,0.464944 0.0322,0.232472 0.0646,0.464944 z m -3.12969,-1.12915 q 0.0968,-0.132842 0.16133,-0.332104 0.0646,-0.232472 0,-0.464944 -0.1936,-0.730627 -0.5485,-1.361623 -0.45171,-0.763838 -1.00021,-1.295202 -0.54851,-0.531366 -1.41966,-0.89668 -0.22586,-0.06642 -0.4517,-0.09963 -0.22586,-0.06642 -0.48398,-0.132842 -0.25812,-0.06642 -0.5485,-0.06642 -0.29039,0 -0.54851,0 -0.0968,0.06642 -0.22585,0.06642 -0.12905,-0.03321 -0.22586,0 -0.25811,0.06642 -0.51623,0.132842 -0.22585,0.03321 -0.45171,0.09963 -0.93568,0.398524 -1.51645,0.99631 -0.5485,0.597786 -1.00021,1.494465 -0.0968,0.166051 -0.19358,0.431734 -0.0968,0.232472 -0.16133,0.531365 -0.0646,0.298893 -0.0322,0.564575 0.0322,0.265683 0.22586,0.398524 0.25812,0.199262 0.87115,0.199262 0.6453,-0.03321 1.09701,-0.03321 l 4.90425,0 q 0.48397,0 1.16153,0.03321 0.67757,0 0.90342,-0.265682 z" />
  <path
     id="path4222"
     style="font-style:normal;font-variant:normal;font-weight:normal;font-stretch:normal;font-size:medium;line-height:125%;font-family:'Alte Haas Grotesk';-inkscape-font-specification:'Alte Haas Grotesk';letter-spacing:-0.47324705px;word-spacing:0px;fill:#ffffff;fill-opacity:1;stroke:none"
     d="m 189.06241,35.878822 q 0,0.431735 0,0.863469 0,0.398524 -0.16132,0.664206 -0.16133,0.232472 -0.54851,0.265682 -0.3549,0 -0.74208,0 -0.1936,0 -0.38718,0.03321 -0.16132,0 -0.29039,-0.06642 -0.29038,-0.06642 -0.38717,-0.265682 -0.12907,-0.166052 -0.16133,-0.398524 0,-0.232472 -0.0968,-0.464944 -0.0322,-0.06642 -0.0968,-0.09963 -0.0322,-0.06642 -0.0968,-0.132841 -0.32265,-0.03321 -0.51624,0.132841 -0.16133,0.166052 -0.35491,0.332104 -0.6453,0.498154 -1.2906,0.763836 -0.58076,0.265684 -1.35512,0.398524 -0.74209,0.132842 -1.54871,0.132842 -0.77435,0.03321 -1.54871,-0.09963 -0.77436,-0.09963 -1.35513,-0.365313 -1.67776,-0.730628 -2.71024,-1.95941 -1.03248,-1.261992 -1.61325,-3.121769 -0.12905,-0.298894 -0.19358,-0.597786 -0.0322,-0.332104 -0.12906,-0.664207 -0.0322,-0.166052 -0.0322,-0.332103 0,-0.166052 -0.0322,-0.332104 -0.0646,-0.166051 -0.0646,-0.332103 0.0322,-0.199262 0,-0.365314 l 0,-0.332102 q -0.0646,-0.166052 -0.0646,-0.431734 0,-0.265684 0.0646,-0.431735 l 0,-0.365313 q 0.0646,-0.232472 0.0322,-0.464945 0,-0.265683 0.0646,-0.498155 0.0322,-0.166052 0.0322,-0.298893 0,-0.132841 0.0322,-0.298893 0.0968,-0.332103 0.16132,-0.630996 0.0646,-0.332103 0.16132,-0.630996 0.41944,-1.261993 1.06475,-2.258302 0.67755,-1.02952 1.61323,-1.693726 0.5485,-0.398524 1.12927,-0.664207 0.61304,-0.265683 1.32286,-0.464945 0.22585,-0.03321 0.41944,-0.06642 0.22585,-0.03321 0.45171,-0.09963 l 0.32264,0 q 0.25813,-0.06642 0.7421,-0.06642 0.51624,0 0.77436,0.06642 0.12906,0.03321 0.35491,0.03321 0.35491,0.09963 0.70983,0.166051 0.35491,0.03321 0.67755,0.199262 0.48398,0.199262 0.90342,0.431734 0.45171,0.232472 0.83889,0.531365 0.19358,0.166052 0.38718,0.365314 0.22585,0.166051 0.58076,0.09963 0.0646,-0.09963 0.0968,-0.166052 0.0646,-0.06642 0.0968,-0.199262 0.0968,-0.298893 0.0646,-0.763837 0,-0.464945 0,-0.830258 l 0,-3.819187 q 0,-0.464945 0,-1.02952 0,-0.597786 0.16133,-0.863468 0.12906,-0.232474 0.38717,-0.298894 0.0646,0 0.16133,0 0.0968,-0.03321 0.16132,-0.03321 0.45171,-0.03321 0.93568,0 0.51624,0 0.70983,0.265682 0.16132,0.265684 0.16132,0.664206 0,0.398524 0,0.830259 l 0,20.059035 z m -2.61345,-6.276751 q 0.0646,-0.166052 0.0646,-0.431734 0,-0.298893 -0.0646,-0.464944 l 0,-0.498156 q -0.0646,-0.298892 -0.0968,-0.597786 -0.0322,-0.332102 -0.12905,-0.597785 -0.0646,-0.265683 -0.12906,-0.498155 -0.0322,-0.232472 -0.12907,-0.464945 -0.38717,-0.996309 -1.00021,-1.760146 -0.61302,-0.763838 -1.54871,-1.195572 -0.32265,-0.166052 -0.67755,-0.232472 -0.32265,-0.09963 -0.70983,-0.166052 -0.25812,-0.06642 -0.58077,-0.06642 -0.29039,0 -0.58076,0 -0.16132,0.03322 -0.29039,0.06642 -0.12906,0 -0.29038,0 -0.25812,0.06642 -0.5485,0.132841 -0.25812,0.06642 -0.51625,0.166052 -1.03247,0.464945 -1.67776,1.361623 -0.61303,0.863468 -1.00021,2.02583 -0.12906,0.365313 -0.19359,0.763837 -0.0322,0.365314 -0.0968,0.730628 0,0.13284 -0.0322,0.265682 0,0.09963 0,0.232472 -0.0646,0.166052 -0.0646,0.365314 0.0322,0.199262 0.0322,0.365314 0,0.365313 0,0.730626 0,0.332104 0.0646,0.630996 0.0322,0.09963 0.0322,0.332104 0.0646,0.232472 0.0968,0.464944 0.0646,0.232473 0.12905,0.464945 0.35492,1.162362 0.96795,1.992619 0.61303,0.830258 1.54871,1.361623 0.29039,0.166052 0.58076,0.265683 0.29039,0.09963 0.64531,0.199262 0.16132,0.06642 0.32264,0.03321 0.19359,-0.03321 0.35491,0.03321 0.12906,0.03321 0.25813,0.03321 0.16132,0 0.29038,0 l 0.29038,0 q 0.0968,-0.03321 0.32264,-0.03321 0.25813,-0.06642 0.51625,-0.09963 0.25811,-0.06642 0.48397,-0.166052 1.06474,-0.464945 1.71003,-1.162361 0.67756,-0.730628 1.12927,-1.826568 0.16133,-0.365314 0.22586,-0.730628 0.0646,-0.365313 0.16132,-0.730626 0.0646,-0.132842 0.0646,-0.232473 0,-0.132841 0.0322,-0.265682 0.0322,-0.199262 0,-0.398524 0,-0.199262 0.0322,-0.398524 z" />
  <path
     style="fill:#ffffff"
     id="path7804"
     d="m 28.727665,40.052385 c 0.232473,-0.01 0.464115,-0.02491 0.690775,-0.04733 l 0,0 1.397324,14.372597 c -0.505627,0.04899 -1.014575,0.08469 -1.526014,0.103782 l 0,0 -0.562085,-14.429054 0,0 z" />
  <path
     style="fill:#ffffff"
     id="path7806"
     d="M 23.20728,54.015664 25.972869,39.84233 c 0.22334,0.04317 0.44917,0.08053 0.679151,0.112915 l 0,0 -1.93284,14.308666 c -0.508948,-0.06891 -1.012085,-0.151107 -1.5119,-0.248247 l 0,0 z" />
  <path
     style="fill:#ffffff"
     id="path7808"
     d="m 35.331538,53.534114 c 8.3e-4,0 8.3e-4,0 0,0 l 0,0 0,0 0,0 0,0 z" />
  <path
     style="fill:#ffffff"
     id="path7810"
     d="m 31.4451,39.627293 c 0.219188,-0.06144 0.436716,-0.129521 0.652583,-0.204244 l 0,0 4.700921,13.653593 c -0.48238,0.166052 -0.970572,0.31965 -1.466236,0.457472 l 0,0 -3.887268,-13.906821 0,0 z" />
  <path
     style="fill:#ffffff"
     id="path7812"
     d="m 17.377208,52.146753 0,-0.0017 5.988651,-13.138833 c 0.208395,0.09382 0.41845,0.183487 0.633487,0.266513 l 0,0 -5.209039,13.467615 c -0.479059,-0.183487 -0.949815,-0.383579 -1.413099,-0.593635 l 0,0 z" />
  <path
     style="fill:#ffffff"
     id="path7814"
     d="m 33.978217,38.584489 c 0.200092,-0.112085 0.397694,-0.229152 0.591974,-0.35369 l 0,0 7.742986,12.189018 c -0.430073,0.274815 -0.86928,0.534686 -1.315128,0.783763 l 0,0 0,8.3e-4 -7.019832,-12.619921 0,0 z" />
  <path
     style="fill:#ffffff"
     id="path7816"
     d="m 12.149904,48.98181 0,0 8.863004,-11.400273 c 0.182657,0.141974 0.366974,0.276476 0.556273,0.406826 l 0,0 -8.186344,11.896767 c -0.420111,-0.28976 -0.831088,-0.591143 -1.232933,-0.90332 l 0,0 z" />
  <path
     style="fill:#ffffff"
     id="path7818"
     d="m 36.215762,36.972958 c 0.169373,-0.156089 0.334594,-0.316328 0.495665,-0.48155 l 0,0 10.341693,10.080163 c -0.35535,0.364483 -0.721494,0.719003 -1.098431,1.06273 l 0,0 -9.738927,-10.661343 0,0 z" />
  <path
     style="fill:#ffffff"
     id="path7820"
     d="m 7.796861,44.70266 11.248336,-9.056454 c 0.144464,0.179335 0.293911,0.35535 0.448339,0.527213 l 0,0 L 8.78985,45.865021 C 8.448614,45.487254 8.117341,45.099523 7.796861,44.70266 l 0,0 z" />
  <path
     style="fill:#ffffff"
     id="path7822"
     d="m 4.54225,39.525171 -8.31e-4,0 13.039202,-6.2095 c 0.09797,0.207565 0.202583,0.412639 0.313838,0.612731 l 0,0 -12.652302,6.962543 C 4.995571,40.443436 4.762268,39.987625 4.54225,39.525171 l 0,0 z" />
  <path
     style="fill:#ffffff"
     id="path7824"
     d="m 2.573708,33.723328 0,0 14.125179,-3.001383 c 0.04899,0.225 0.102122,0.445849 0.163561,0.666698 l 0,0 -13.925917,3.825828 C 2.802029,34.722959 2.681641,34.225634 2.573708,33.723328 l 0,0 z" />
  <path
     style="fill:#ffffff"
     id="path7826"
     d="M 2,28.246116 C 2,28.046024 2,27.846762 2.0083,27.64833 l 0,0 14.436526,0.324631 c 0,0.0905 0,0.181827 0,0.273155 l 0,0 c 0,0.141974 0,0.283118 0.0083,0.423432 l 0,0 -14.432375,0.502306 c -0.01,-0.308856 -0.01743,-0.616052 -0.01743,-0.925738 l 0,0 z" />
  <path
     style="fill:#ffffff"
     id="path7828"
     d="m 2.507287,23.090214 c 0.101292,-0.502306 0.216698,-1.001291 0.343727,-1.494465 l 0,0 13.973242,3.648984 c -0.05812,0.220849 -0.110424,0.444188 -0.155258,0.668358 l 0,0 -14.161711,-2.822877 0,0 z" />
  <path
     style="fill:#ffffff"
     id="path7830"
     d="M 4.402766,17.267614 C 4.615312,16.80267 4.842803,16.345198 5.082748,15.896858 l 0,0 0,-0.0017 12.740309,6.800643 c -0.108764,0.201753 -0.211716,0.405996 -0.306365,0.614391 l 0,0 -13.113926,-6.042618 0,0 z" />
  <path
     style="fill:#ffffff"
     id="path7832"
     d="M 7.587636,12.052764 C 7.902304,11.650919 8.227765,11.259037 8.56485,10.877949 l 0,0 0,0 10.824904,9.555439 c -0.152768,0.172694 -0.299723,0.349539 -0.441698,0.531365 l 0,0 -11.362911,-8.911989 0,0 z" />
  <path
     style="fill:#ffffff"
     id="path7834"
     d="M 36.106999,19.416322 45.709763,8.632101 c 0.381088,0.339575 0.751383,0.689114 1.112546,1.048616 l 0,0 0,8.3e-4 -10.212174,10.208852 c -0.162731,-0.1619 -0.329612,-0.320479 -0.503136,-0.474077 l 0,0 z" />
  <path
     style="fill:#ffffff"
     id="path7836"
     d="m 11.885051,7.718817 c 0.397694,-0.318819 0.807011,-0.625184 1.224631,-0.919926 l 0,0 8.338281,11.788834 c -0.190129,0.134501 -0.373616,0.272324 -0.552952,0.416789 l 0,0 -9.00996,-11.285697 0,0 z" />
  <path
     style="fill:#ffffff"
     id="path7838"
     d="m 33.851188,17.834681 6.85461,-12.70876 c 0.45,0.242435 0.892527,0.498985 1.326752,0.765498 l 0,0 -7.584407,12.287819 C 34.252202,18.05968 34.05211,17.944275 33.851188,17.834681 l 0,0 z" />
  <path
     style="fill:#ffffff"
     id="path7840"
     d="m 17.074164,4.486622 c 0.463284,-0.218357 0.93155,-0.424261 1.408948,-0.615221 l 0,0 0,8.31e-4 5.376751,13.402024 c -0.212546,0.08552 -0.423432,0.176845 -0.630166,0.273985 l 0,0 -6.155533,-13.061619 0,0 z" />
  <path
     style="fill:#ffffff"
     id="path7842"
     d="M 31.303956,16.825087 35.013549,2.87011 c 0.495664,0.131181 0.986346,0.276476 1.471217,0.435886 l 0,0 0,0 -4.521585,13.714201 c -0.216697,-0.06974 -0.435886,-0.136162 -0.657564,-0.19511 l 0,0 z" />
  <path
     style="fill:#ffffff"
     id="path7844"
     d="m 22.8868,2.540498 c 0.498985,-0.102952 1.001292,-0.19262 1.509409,-0.267343 l 0,0 2.109686,14.285419 c -0.228321,0.03321 -0.454151,0.07389 -0.67666,0.120387 l 0,0 -2.942435,-14.138463 0,0 z" />
  <path
     style="fill:#ffffff"
     id="path7846"
     d="M 28.58071,16.434865 28.964289,2 c 0.512269,0.01494 1.020387,0.04234 1.525184,0.08469 l 0,0 0,8.3e-4 -1.217158,14.387541 c -0.229151,-0.0191 -0.458303,-0.03155 -0.691605,-0.03819 l 0,0 z" />
  <path
     d="M 42.798878,41.207141"
     id="path7850"
     style="fill:#ffffff" />
  <path
     d="M 42.798878,41.207141"
     id="path7854"
     style="fill:#ffffff" />
  <path
     d="M 41.716222,14.786779"
     id="path7858"
     style="fill:#ffffff" />
  <path
     d="m 30.043021,28.362572 0,0.90809 21.898058,0 0,-0.90809 -21.898058,0 z"
     id="path7860"
     style="color:#000000;font-style:normal;font-variant:normal;font-weight:normal;font-stretch:normal;font-size:medium;line-height:normal;font-family:Sans;-inkscape-font-specification:Sans;text-indent:0;text-align:start;text-decoration:none;text-decoration-line:none;letter-spacing:normal;word-spacing:normal;text-transform:none;direction:ltr;block-progression:tb;writing-mode:lr-tb;baseline-shift:baseline;text-anchor:start;display:inline;overflow:visible;visibility:visible;fill:#ffffff;fill-opacity:1;fill-rule:nonzero;stroke:none;stroke-width:1.08925045px;marker:none;enable-background:accumulate" />
  <path
     d="m 30.593526,28.816606 a 2.3075195,2.3075195 0 0 1 -4.615039,0 2.3075195,2.3075195 0 1 1 4.615039,0 z"
     id="path7862"
     style="fill:#ffffff;fill-opacity:1" />
  <path
     id="path4205"
     style="font-style:normal;font-variant:normal;font-weight:bold;font-stretch:normal;font-size:medium;line-height:125%;font-family:'Alte Haas Grotesk';-inkscape-font-specification:'Alte Haas Grotesk Bold';letter-spacing:-0.47324705px;word-spacing:0px;fill:#ffffff;fill-opacity:1;stroke:none"
     d="m 57.583118,20.037537 q 2.613451,-0.06642 4.355752,0.797048 1.774566,0.863468 2.807041,2.457563 0.516237,0.797048 0.774356,1.826569 0.06453,0.166051 0.09679,0.431734 0.06453,0.265682 0,0.464944 -0.12906,0.365314 -0.451708,0.431734 -0.322648,0.03321 -0.774356,0.03321 l -1.677772,0 q -0.290383,0 -0.613031,0 -0.290384,0 -0.483973,-0.132841 -0.258119,-0.132842 -0.354913,-0.398524 -0.09679,-0.298893 -0.258119,-0.597786 -0.193589,-0.365314 -0.419443,-0.664207 -0.225853,-0.298892 -0.516236,-0.531364 -0.451709,-0.298894 -1.000211,-0.464946 -0.193589,-0.06642 -0.387178,-0.06642 -0.193589,0 -0.354913,-0.06642 l -0.322648,0 q -0.645297,0 -1.032475,0.13284 -0.93568,0.298894 -1.516447,0.92989 -0.580767,0.597786 -0.935681,1.461254 -0.161324,0.365313 -0.258118,0.797047 -0.06453,0.398524 -0.161324,0.86347 -0.03226,0.13284 -0.03226,0.265682 0,0.132841 -0.03226,0.265682 -0.06453,0.332104 -0.06453,0.929889 0.03226,0.597786 0.09679,0.929889 0,0.265683 0.03226,0.365314 0.06453,0.232472 0.06453,0.464945 0.03226,0.232472 0.09679,0.464944 0.258118,0.763838 0.613032,1.394834 0.354913,0.630996 0.903416,1.06273 0.129058,0.09963 0.387178,0.232472 0.354912,0.232472 0.709825,0.298893 0.387178,0.06642 0.935681,0.132841 0.06453,0 0.193589,0 0.129059,0 0.193589,-0.03321 l 0.290383,0 q 0.225854,-0.06642 0.419443,-0.09963 0.225854,-0.06642 0.419443,-0.132841 0.967945,-0.431734 1.484182,-1.261992 0.12906,-0.166052 0.225855,-0.365314 0.09679,-0.232472 0.161323,-0.398524 0.12906,-0.365314 0.225854,-0.630996 0.09679,-0.298893 0.451708,-0.464944 0.290383,-0.132842 0.93568,-0.09963 0.645297,0 1.064739,0 0.225854,0 0.451708,0 0.258119,-0.03321 0.419444,0.03321 l 0.258118,0 q 0.129059,0.03321 0.258118,0.06642 0.12906,0 0.193589,0.06642 0.161325,0.132842 0.193589,0.398524 0.06453,0.232472 0,0.498154 -0.290383,1.095942 -0.709826,1.95941 -1.322858,2.557195 -4.226693,3.553505 -0.322649,0.09963 -0.677562,0.13284 -0.354912,0.06642 -0.709826,0.166052 -0.193589,0.03321 -0.387178,0.03321 -0.193589,0 -0.387178,0.03321 l -0.354913,0 q -0.161325,0.06642 -0.483973,0.03321 -0.322648,0 -0.483972,-0.03321 -0.258119,-0.06642 -0.483972,-0.06642 -0.193589,0.03321 -0.419444,-0.03321 -0.161323,-0.03321 -0.322648,-0.06642 -0.161324,0 -0.322648,-0.03321 -0.354914,-0.09963 -0.677562,-0.199262 -0.322648,-0.09963 -0.613032,-0.232473 -1.516447,-0.664206 -2.548922,-1.693726 -1.032474,-1.06273 -1.677771,-2.623615 -0.161324,-0.298893 -0.258118,-0.630996 -0.09679,-0.365314 -0.193589,-0.730628 -0.03227,-0.13284 -0.03227,-0.232472 0,-0.132841 -0.06453,-0.298892 -0.06453,-0.232473 -0.06453,-0.464945 0,-0.265683 -0.06453,-0.498155 l 0,-0.564575 q -0.06453,-0.166052 -0.06453,-0.365314 0,-0.232472 0.06453,-0.398524 0.03226,-0.166052 0,-0.298892 -0.03226,-0.132842 0,-0.265684 0.06453,-0.232472 0.03226,-0.431734 0,-0.199262 0.06453,-0.398524 0.161325,-0.597786 0.258119,-1.12915 0.09679,-0.564576 0.290384,-1.095941 0.709825,-1.693726 1.774565,-2.822878 1.097004,-1.12915 2.774776,-1.826567 0.451707,-0.199262 0.93568,-0.265683 0.483972,-0.09963 1.00021,-0.232472 0.258118,-0.03322 0.483972,-0.03322 0.225855,0 0.483973,-0.03321 z" />
  <path
     id="path4207"
     style="font-style:normal;font-variant:normal;font-weight:bold;font-stretch:normal;font-size:medium;line-height:125%;font-family:'Alte Haas Grotesk';-inkscape-font-specification:'Alte Haas Grotesk Bold';letter-spacing:-0.47324705px;word-spacing:0px;fill:#ffffff;fill-opacity:1;stroke:none"
     d="m 69.05481,13.960048 2.355333,0 q 0.322649,0 0.613032,0.03321 0.290384,0.03321 0.451708,0.199262 0.193588,0.232472 0.193588,0.630996 0.03227,0.365314 0.03227,0.763838 l 0,2.955719 0,11.922505 0,5.08118 q 0,0.398524 0,0.929889 0.03226,0.498154 -0.12906,0.763838 -0.161324,0.265682 -0.580767,0.365313 -0.193589,0.06642 -0.451707,0.03321 -0.225854,-0.03321 -0.451709,-0.03321 l -1.548712,0 q -0.354912,0 -0.645296,-0.03322 -0.290383,-0.03321 -0.483972,-0.199262 -0.193589,-0.166051 -0.225854,-0.498154 0,-0.365314 0,-0.730628 l 0,-2.955718 0,-12.453871 0,-4.516604 q 0,-0.431734 -0.03226,-1.02952 0,-0.597786 0.161325,-0.863468 0.06453,-0.132842 0.161324,-0.199262 0.12906,-0.06642 0.258119,-0.132842 0.06453,0 0.161324,0 0.09679,-0.03321 0.161324,-0.03321 z" />
  <path
     id="path4209"
     style="font-style:normal;font-variant:normal;font-weight:bold;font-stretch:normal;font-size:medium;line-height:125%;font-family:'Alte Haas Grotesk';-inkscape-font-specification:'Alte Haas Grotesk Bold';letter-spacing:-0.47324705px;word-spacing:0px;fill:#ffffff;fill-opacity:1;stroke:none"
     d="m 91.657564,28.904693 q 0.06453,0.265683 0,0.597786 -0.06453,0.332104 -0.225854,0.431734 -0.161324,0.132842 -0.483972,0.199262 -0.290384,0.03321 -0.677562,0.06642 -0.354913,0 -0.74209,0 -0.354914,-0.03321 -0.645298,-0.03321 l -7.872619,0 q -0.225853,0 -0.451707,0 -0.193589,0 -0.354914,0.06642 -0.258119,0.132841 -0.322648,0.265682 -0.06453,0.06642 -0.12906,0.265683 -0.06453,0.166051 -0.03226,0.332103 0.06453,0.199262 0.06453,0.398524 0.03226,0.166051 0.09679,0.365313 0.258118,0.797048 0.613031,1.328414 0.387178,0.498154 1.032476,0.896678 0.258118,0.166052 0.516237,0.232472 0.290384,0.03321 0.580767,0.132842 0.258118,0.06642 0.709826,0.09963 0.451708,0.03322 0.774356,-0.03321 l 0.290383,0 q 0.322649,-0.06642 0.580767,-0.132841 0.290384,-0.09963 0.548503,-0.199262 0.322648,-0.166051 0.709827,-0.431735 0.419442,-0.265682 0.613031,-0.531364 0.161325,-0.232472 0.322648,-0.431734 0.193589,-0.232472 0.451708,-0.332104 0.322648,-0.166052 0.806621,-0.132841 0.516238,0 0.93568,0 0.193589,0 0.387178,0 0.225854,-0.03321 0.387178,0.03321 l 0.322648,0 q 0.322649,0.06642 0.451709,0.16605 0.129058,0.06642 0.129058,0.298894 0.03226,0.232472 -0.03226,0.398524 -0.161324,0.464944 -0.354913,0.830258 -0.193589,0.365313 -0.451707,0.730627 -0.709827,1.09594 -1.613242,1.760146 -0.903415,0.664208 -2.258539,1.129152 -0.354913,0.132841 -0.709825,0.166052 -0.354914,0.03321 -0.742092,0.13284 -0.129059,0.03321 -0.290384,0 -0.129058,0 -0.258118,0.03321 l -0.354913,0 q -0.161325,0.06642 -0.387178,0.03321 -0.193589,0 -0.354914,-0.03321 -0.258118,-0.03321 -0.451707,0 -0.193589,0.03321 -0.419443,-0.03321 -0.161324,-0.06642 -0.354913,-0.06642 -0.193589,0 -0.354914,-0.06642 -0.354913,-0.06642 -0.709825,-0.166052 -0.354914,-0.06642 -0.645298,-0.232472 -0.354913,-0.132842 -0.677561,-0.232472 -0.290384,-0.132842 -0.548502,-0.298894 -1.032474,-0.664206 -1.839095,-1.527674 -0.806622,-0.896679 -1.322859,-2.059041 -0.161324,-0.365314 -0.258119,-0.730626 -0.09679,-0.398524 -0.258118,-0.797048 -0.03226,-0.132842 -0.03226,-0.232472 0,-0.132842 -0.03226,-0.265684 -0.129059,-0.398523 -0.161324,-0.863468 -0.03226,-0.464944 -0.06453,-0.929889 0,-0.166052 -0.03226,-0.365313 0,-0.199262 0.03226,-0.365313 l 0,-0.398524 0.09679,-0.797048 q 0.129059,-0.564576 0.225853,-1.095941 0.09679,-0.531365 0.290384,-0.99631 1.387388,-3.453874 4.710666,-4.881917 0.451707,-0.199262 0.903416,-0.265683 0.483972,-0.09963 1.000209,-0.232472 0.258119,-0.03322 0.483973,-0.03322 0.225853,0 0.483973,-0.03321 1.645506,-0.03321 2.80704,0.398524 1.193798,0.398524 2.129479,1.062731 0.290383,0.199261 0.580767,0.464944 0.290383,0.232472 0.516238,0.498155 0.09679,0.166051 0.258118,0.265683 0.258118,0.365313 0.483972,0.763836 0.225854,0.365314 0.483973,0.763838 0.161324,0.298893 0.258118,0.630996 0.12906,0.298893 0.258119,0.664207 0.161324,0.431734 0.258119,0.896678 0.09679,0.464945 0.225854,0.92989 0.06453,0.265682 0.03226,0.597786 0,0.298892 0.06453,0.564575 l 0,0.365313 z M 86.81784,26.945285 q 0.225853,-0.332104 0.03226,-0.797048 -0.161324,-0.498155 -0.258119,-0.730627 -0.451707,-0.896679 -1.193799,-1.361624 -0.74209,-0.498154 -2.064949,-0.531364 -0.09679,0.06642 -0.225853,0.03321 -0.12906,-0.03321 -0.225855,0 -0.161323,0.06642 -0.354912,0.09963 -0.193589,0 -0.354914,0.06642 -1.419652,0.464945 -2.097214,1.826568 -0.06453,0.132841 -0.161324,0.365313 -0.06453,0.199262 -0.09679,0.431735 -0.03226,0.199262 0,0.398524 0.06453,0.199262 0.225854,0.332102 0.258119,0.166052 0.709827,0.166052 0.451707,0 0.87115,0 l 3.581396,0 q 0.451709,0 0.935681,0 0.516237,-0.03321 0.677562,-0.298892 z" />
  <path
     id="path4211"
     style="font-style:normal;font-variant:normal;font-weight:bold;font-stretch:normal;font-size:medium;line-height:125%;font-family:'Alte Haas Grotesk';-inkscape-font-specification:'Alte Haas Grotesk Bold';letter-spacing:-0.47324705px;word-spacing:0px;fill:#ffffff;fill-opacity:1;stroke:none"
     d="m 109.03372,36.310595 q 0.0646,0.365314 0.0646,0.730628 0.0322,0.365314 -0.32265,0.498154 -0.19359,0.09963 -0.4517,0.09963 -0.25813,0 -0.51624,0 l -1.74231,0 q -0.29038,0 -0.58076,0 -0.25812,-0.03321 -0.41945,-0.166052 -0.22584,-0.132842 -0.35491,-0.365314 -0.0968,-0.265682 -0.29038,-0.431734 -0.0646,-0.06642 -0.16133,-0.09963 -0.0968,-0.06642 -0.25811,-0.03322 -0.16133,0.06642 -0.32265,0.166052 -0.12906,0.09963 -0.29038,0.166052 -0.16133,0.132842 -0.35492,0.232472 -0.19359,0.09963 -0.38718,0.199262 -0.41944,0.199262 -0.87115,0.332104 -0.45171,0.09963 -0.93568,0.232472 -0.22585,0.06642 -0.45171,0.06642 -0.19358,0.03321 -0.419436,0.06642 -0.09679,0 -0.193594,0 -0.09679,0.03321 -0.193584,0.03321 l -0.354917,0 q -0.322647,0.06642 -0.645293,0 l -0.290386,0 q -0.225854,-0.06642 -0.451708,-0.06642 -0.193589,0.03321 -0.387178,-0.03321 -0.322649,-0.06642 -0.613033,-0.132841 -0.290383,-0.03322 -0.548501,-0.166051 -0.93568,-0.365314 -1.613242,-0.92989 -0.645297,-0.597786 -1.032475,-1.560885 -0.09679,-0.232472 -0.193589,-0.498155 -0.06453,-0.265682 -0.129059,-0.564575 -0.06453,-0.166052 -0.06453,-0.332104 0.03226,-0.166051 0,-0.332102 -0.03226,-0.09963 -0.06453,-0.398524 0,-0.332104 0.03226,-0.464945 0.06453,-0.332103 0.06453,-0.564575 0.09679,-0.365314 0.193589,-0.730628 0.09679,-0.398524 0.258119,-0.697416 0.548502,-0.9631 1.258328,-1.461255 0.709827,-0.498154 1.806831,-0.863468 0.419443,-0.166052 0.871151,-0.232472 0.451707,-0.06642 0.903414,-0.166052 0.258115,-0.06642 0.548501,-0.06642 0.290386,-0.03321 0.580762,-0.09963 0.225855,-0.06642 0.451711,-0.03321 0.22585,0 0.48397,-0.06642 0.22585,-0.06642 0.45171,-0.06642 0.22585,0 0.48397,-0.06642 0.67756,-0.166052 1.22606,-0.265682 0.58078,-0.132842 1.03248,-0.597786 0.29038,-0.298893 0.38718,-0.664207 0.0322,-0.09963 0,-0.166051 0,-0.06642 0.0322,-0.132842 0.0322,-0.06642 0.0322,-0.199261 0,-0.132842 0,-0.199262 -0.0322,-0.132842 -0.0646,-0.265683 0,-0.132841 -0.0322,-0.232472 -0.32264,-0.99631 -1.35512,-1.361623 -0.29038,-0.09963 -0.70982,-0.132842 -0.38718,-0.06642 -0.80663,-0.03321 -0.41944,0 -0.80661,0.06642 -0.38718,0.06642 -0.677567,0.166052 -0.193594,0.06642 -0.387178,0.199262 -0.161324,0.09963 -0.322647,0.232472 -0.161323,0.132842 -0.354917,0.365314 -0.161324,0.232472 -0.225848,0.431734 -0.161324,0.332104 -0.290383,0.630996 -0.09679,0.298893 -0.451709,0.398524 -0.258118,0.06642 -0.548501,0.06642 -0.290384,0 -0.580767,0 l -1.226064,0 q -0.161324,0 -0.322648,0.03321 -0.161324,0 -0.290384,-0.03321 l -0.290383,0 q -0.06453,-0.03321 -0.161324,-0.03321 -0.09679,0 -0.161325,-0.06642 -0.258118,-0.06642 -0.354913,-0.431734 -0.03226,-0.166052 0,-0.332104 0.03226,-0.166051 0.06453,-0.298892 0.09679,-0.365314 0.193589,-0.664206 0.129059,-0.332104 0.290383,-0.597786 0.09679,-0.166052 0.193589,-0.332104 0.09679,-0.166052 0.193589,-0.332103 0.258119,-0.365314 0.645297,-0.697417 0.06453,-0.03321 0.193589,-0.166052 0.161324,-0.132841 0.290384,-0.232472 0.129058,-0.09963 0.290383,-0.199262 0.548502,-0.365313 1.161534,-0.564575 0.613031,-0.232472 1.258338,-0.431734 0.387178,-0.09963 0.806617,-0.132842 0.419438,-0.03321 0.838885,-0.132841 0.12905,-0.03322 0.38718,0 0.29039,0.03321 0.35491,-0.03322 1.32285,-0.03321 2.51666,0.09963 1.22606,0.132841 2.19401,0.498154 1.00021,0.365314 1.71003,0.99631 0.70983,0.597786 1.097,1.560885 0.22586,0.564576 0.25813,1.295203 0.0322,0.730627 0.0322,1.494464 l 0,7.405903 q 0,0.630996 0,1.295202 0,0.630996 0.12906,1.162361 0.0322,0.09963 0.0322,0.232472 0,0.09963 0.0322,0.199262 z m -4.74294,-5.114389 q 0.0322,-0.166052 0.0322,-0.365314 0,-0.232472 -0.0322,-0.398524 -0.0646,-0.199262 -0.0646,-0.365313 0,-0.166052 -0.12906,-0.265683 -0.16132,-0.132841 -0.48397,-0.132841 -0.12906,0.03321 -0.22585,0.06642 -0.0968,0 -0.22586,0.03321 -0.22585,0.06642 -0.48397,0.09963 -0.25812,0.03321 -0.51624,0.09963 -0.0968,0.03321 -0.29039,0.03321 -0.41943,0.09963 -0.83888,0.132841 -0.41944,0.03321 -0.80662,0.166052 -0.258115,0.06642 -0.483969,0.132841 -0.225855,0.03321 -0.45171,0.132842 -0.677564,0.298892 -1.161535,0.896678 -0.451707,0.597786 -0.322648,1.660516 0.06453,0.564576 0.354913,0.929889 0.225854,0.365314 0.677561,0.597786 0.451709,0.199262 0.96795,0.298893 0.548498,0.09963 1.129268,0.06642 0.61303,-0.06642 1.12927,-0.232472 0.83889,-0.265683 1.32286,-0.830259 0.48397,-0.597786 0.74208,-1.461254 0.0646,-0.232472 0.0646,-0.464944 0.0322,-0.265682 0.0968,-0.531366 l 0,-0.298892 z" />
  <path
     id="path4213"
     style="font-style:normal;font-variant:normal;font-weight:bold;font-stretch:normal;font-size:medium;line-height:125%;font-family:'Alte Haas Grotesk';-inkscape-font-specification:'Alte Haas Grotesk Bold';letter-spacing:-0.47324705px;word-spacing:0px;fill:#ffffff;fill-opacity:1;stroke:none"
     d="m 121.44109,20.070747 q 1.93589,-0.06642 3.22649,0.564576 1.29059,0.630996 2.03268,1.859778 0.22586,0.365313 0.35492,0.797047 0.12905,0.398524 0.25811,0.830259 0.0646,0.265683 0.0646,0.498155 0.0322,0.232472 0.0968,0.464944 0,0.199262 0.0322,0.265683 0.0646,0.464944 0.0646,0.963099 0,0.498155 0,0.963099 l 0,2.955719 0,5.380073 q 0,0.630996 -0.0322,1.228782 0,0.564576 -0.45171,0.730626 -0.19359,0.06642 -0.45171,0.06642 -0.25812,0 -0.51623,0 l -1.74231,0 q -0.38718,0 -0.70982,-0.03321 -0.29039,-0.06642 -0.45171,-0.298894 -0.12906,-0.199262 -0.16132,-0.498154 0,-0.332104 0,-0.697418 l 0,-2.324722 0,-4.948338 q 0,-1.228782 -0.0968,-2.258302 -0.0968,-1.062731 -0.58077,-1.793357 -0.45171,-0.664206 -1.32286,-0.92989 -0.16132,-0.06642 -0.3549,-0.06642 -0.16133,0 -0.35492,-0.06642 -0.16132,-0.03321 -0.41944,0 -0.22585,0 -0.35492,0.03321 -0.12906,0.03321 -0.22585,0.03321 -0.0968,0 -0.19359,0.03321 -0.74209,0.199262 -1.1938,0.531365 -1.03247,0.763838 -1.22607,2.225092 -0.19358,1.461254 -0.19358,3.287822 l 0,4.15129 0,2.02583 q 0,0.298892 0,0.597786 0,0.298892 -0.0968,0.498154 -0.16133,0.365314 -0.51624,0.431734 -0.35492,0.06642 -0.87115,0.06642 l -1.61324,0 q -0.35492,0 -0.70983,-0.03321 -0.35492,-0.03322 -0.51624,-0.232473 -0.22585,-0.298892 -0.22585,-0.863468 0.0322,-0.564576 0.0322,-1.06273 l 0,-4.516604 0,-7.306271 0,-1.693726 q 0,-0.365314 0,-0.664207 0.0322,-0.298893 0.19358,-0.498155 0.0646,-0.09963 0.19359,-0.132841 0.16133,-0.06642 0.32265,-0.09963 l 0.16132,0 q 0.16133,-0.03321 0.32265,-0.03321 0.19359,0 0.35492,0 l 1.35512,0 q 0.25811,0 0.48397,0.03321 0.25812,0 0.45171,0.06642 0.22585,0.09963 0.29038,0.298893 0.0968,0.199262 0.16133,0.464944 0.0322,0.132842 0,0.232472 0,0.09963 0.0646,0.199262 0.0646,0.166052 0.0968,0.199262 0.0646,0.03321 0.16132,0.09963 0.35492,0.03321 0.58077,-0.232472 0.22586,-0.298893 0.48397,-0.464945 0.87115,-0.664206 1.93589,-1.06273 0.29039,-0.09963 0.58077,-0.132841 0.32265,-0.03321 0.67756,-0.09963 0.0968,-0.03322 0.29039,0 0.19358,0 0.25811,-0.03322 z" />
  <path
     id="path4200"
     style="font-style:normal;font-variant:normal;font-weight:bold;font-stretch:normal;font-size:medium;line-height:125%;font-family:Arial;-inkscape-font-specification:'Arial Bold';letter-spacing:0px;word-spacing:0px;fill:#ffffff;fill-opacity:1;stroke:none;stroke-width:1px;stroke-linecap:butt;stroke-linejoin:miter;stroke-opacity:1"
     d="m 192.3308,16.733639 0,-4.010543 -1.43233,0 0,-0.816597 3.83602,0 0,0.816597 -1.42904,0 0,4.010543 -0.97465,0 z" />
  <path
     id="path4202"
     style="font-style:normal;font-variant:normal;font-weight:bold;font-stretch:normal;font-size:medium;line-height:125%;font-family:Arial;-inkscape-font-specification:'Arial Bold';letter-spacing:0px;word-spacing:0px;fill:#ffffff;fill-opacity:1;stroke:none;stroke-width:1px;stroke-linecap:butt;stroke-linejoin:miter;stroke-opacity:1"
     d="m 195.35023,16.733639 0,-4.82714 1.45868,0 0.87587,3.292728 0.86599,-3.292728 1.46197,0 0,4.82714 -0.9055,0 0,-3.799809 -0.95819,3.799809 -0.93842,0 -0.9549,-3.799809 0,3.799809 -0.9055,0 z" />
</svg>
